igsg/igsg0390.17i
     1.0            IONOSPHERE MAPS     MIX                 IONEX VERSION / TYPE
cmpcmb v1.2          GRL/UWM            25-feb-17 16:11     PGM / RUN BY / DATE 
ionex file containing IGS COMBINED Ionosphere maps          COMMENT             
global ionosphere maps for day 039, 2017                    DESCRIPTION         
IONEX file containing the COMBINED IGS TEC MAPS and DCBs    DESCRIPTION         
      IONEX files of the following IAACs were combined: cod DESCRIPTION         
                                                        jpl DESCRIPTION         
Contact address: Andrzej Krankowski                         DESCRIPTION
                 Geodynamics Research Laboratory            DESCRIPTION
                 University of Warmia and Mazury (GRL/UWM)  DESCRIPTION
                 Oczapowski St. 1                           DESCRIPTION
                 10-957-Olsztyn, POLAND                     DESCRIPTION
                 e-mail:  kand@uwm.edu.pl                   DESCRIPTION
                                                            DESCRIPTION         
  2017     2     8     0     0     0                        EPOCH OF FIRST MAP  
  2017     2     9     0     0     0                        EPOCH OF LAST MAP   
  7200                                                      INTERVAL            
    13                                                      # OF MAPS IN FILE   
  COSZ                                                      MAPPING FUNCTION    
     0.0                                                    ELEVATION CUTOFF    
combined TEC calculated as weighted mean of input TEC valuesOBSERVABLES USED    
   329                                                      # OF STATIONS       
    32                                                      # OF SATELLITES     
  6371.0                                                    BASE RADIUS         
     2                                                      MAP DIMENSION       
   450.0 450.0   0.0                                        HGT1 / HGT2 / DHGT  
    87.5 -87.5  -2.5                                        LAT1 / LAT2 / DLAT  
  -180.0 180.0   5.0                                        LON1 / LON2 / DLON  
    -1                                                      EXPONENT            
TEC values in 0.1 tec units;  9999, if no value available   COMMENT             
DCB values in nanoseconds, reference is Sum_of_SatDCBs = 0  COMMENT             
                                                            END OF HEADER       
[from data line 4290]
    11                                                      START OF TEC MAP    
  2017     2     8    20     0     0                        EPOCH OF CURRENT MAP
    87.5-180.0 180.0   5.0 450.0                            LAT/LON1/LON2/DLON/H
   23   23   23   23   23   23   23   23   24   24   24   24   24   25   25   25
   25   25   26   26   25   25   25   25   26   26   25   25   25   25   24   24
   24   24   24   23   23   23   23   22   22   22   22   22   21   21   21   21
   21   21   21   21   21   21   21   22   22   22   22   22   22   22   22   22
   22   22   22   22   22   22   23   23   23
    85.0-180.0 180.0   5.0 450.0                            LAT/LON1/LON2/DLON/H
   26   26   26   27   27   27   27   27   28   28   29   29   30   30   31   31
   31   32   32   32   32   33   33   33   32   32   32   32   31   31   30   29
   29   28   27   26   26   25   24   24   23   23   23   22   22   22   22   22
   22   22   22   23   23   23   23   24   24   24   25   25   25   25   25   25
   25   26   26   26   26   26   26   26   26
    82.5-180.0 180.0   5.0 450.0                            LAT/LON1/LON2/DLON/H
   30   31   31   31   32   32   33   33   34   34   35   36   37   38   39   40
   40   41   41   42   42   42   42   42   42   41   40   39   39   38   37   36
   35   34   33   32   31   29   28   27   26   25   24   24   24   24   24   24
   24   24   25   25   26   26   27   27   28   28   29   29   29   30   30   30
   29   30   30   30   30   30   30   30   30
    80.0-180.0 180.0   5.0 450.0                            LAT/LON1/LON2/DLON/H
   35   35   36   36   37   38   39   40   40   41   43   44   45   47   48   50
   50   51   51   52   52   52   52   51   50   49   48   48   47   45   44   43
   41   40   38   37   35   33   32   30   28   27   26   25   25   25   25   25
   26   26   27   27   28   29   30   30   31   32   32   33   33   33   32   33
   33   33   33   34   34   34   34   35   35
    77.5-180.0 180.0   5.0 450.0                            LAT/LON1/LON2/DLON/H
   38   39   40   41   42   43   44   46   48   49   50   52   55   57   58   59
   60   61   62   61   61   61   60   59   58   56   55   54   52   51   49   47
   46   44   42   40   38   36   34   32   30   29   27   26   25   25   25   26
   27   28   29   30   31   31   31   32   33   33   33   33   33   33   33   33
   33   34   34   34   35   36   37   38   38
    75.0-180.0 180.0   5.0 450.0                            LAT/LON1/LON2/DLON/H
   41   43   44   45   47   49   50   51   53   55   58   61   63   66   68   70
   71   71   71   71   70   68   67   65   64   61   59   57   55   53   51   49
   47   45   43   41   39   37   35   32   30   28   27   25   25   24   25   26
   27   28   29   30   31   31   31   31   31   31   31   31   30   30   30   30
   30   30   31   31   33   35   37   39   41
    72.5-180.0 180.0   5.0 450.0                            LAT/LON1/LON2/DLON/H
   41   44   46   49   50   52   55   57   60   62   65   69   71   74   76   77
   78   79   78   78   77   75   72   70   68   65   62   59   56   53   50   47
   45   43   40   38   36   34   32   30   28   26   24   23   22   23   24   25
   26   27   28   29   29   29   29   28   27   27   26   26   26   25   25   25
   25   25   26   27   29   31   34   37   41
    70.0-180.0 180.0   5.0 450.0                            LAT/LON1/LON2/DLON/H
   40   44   48   51   54   56   59   62   65   69   72   75   78   81   82   83
   84   84   84   83   82   80   77   74   71   67   64   60   56   52   48   44
   41   38   35   33   32   30   28   26   25   23   21   20   20   20   21   22
   24   25   26   26   26   26   24   23   23   22   21   21   21   20   20   20
   19   20   20   22   24   28   32   35   40
    67.5-180.0 180.0   5.0 450.0                            LAT/LON1/LON2/DLON/H
   39   45   49   53   57   60   63   66   70   73   77   81   84   86   87   88
   88   88   88   87   86   84   80   77   74   69   65   61   55   51   45   40
   36   32   29   27   25   24   23   22   21   20   18   18   17   18   19   20
   21   23   23   23   23   22   20   19   18   18   17   17   17   17   17   17
   16   16   16   18   20   24   28   34   39
    65.0-180.0 180.0   5.0 450.0                            LAT/LON1/LON2/DLON/H
   40   46   52   57   60   63   66   70   74   78   82   86   88   89   90   90
   90   90   90   90   88   86   83   80   76   72   67   62   56   50   43   37
   31   27   23   21   19   19   18   19   18   17   16   16   15   16   17   18
   19   19   20   20   19   18   17   16   15   15   16   16   17   18   19   19
   17   17   17   17   19   22   27   34   40
    62.5-180.0 180.0   5.0 450.0                            LAT/LON1/LON2/DLON/H
   42   49   55   61   65   68   71   74   78   82   86   89   91   92   92   92
   92   92   91   91   90   88   85   82   79   74   70   64   59   52   44   36
   29   24   19   16   15   15   16   16   17   16   16   16   16   16   16   16
   17   18   18   18   17   17   17   17   17   17   18   19   21   23   24   24
   23   22   20   20   21   24   29   35   42
    60.0-180.0 180.0   5.0 450.0                            LAT/LON1/LON2/DLON/H
   46   54   61   66   70   72   74   77   81   85   89   92   94   95   94   93
   92   93   93   92   92   89   87   84   81   77   73   68   62   55   47   39
   31   24   18   15   13   14   15   16   17   18   19   19   18   18   18   17
   17   17   17   17   18   19   19   20   20   22   24   26   28   30   32   32
   31   29   26   25   25   27   32   39   46
    57.5-180.0 180.0   5.0 450.0                            LAT/LON1/LON2/DLON/H
   52   60   67   72   76   78   80   81   85   88   92   95   96   96   95   94
   94   93   94   93   92   90   88   85   83   80   77   73   68   61   53   44
   35   27   21   17   16   16   17   19   21   22   23   24   23   22   21   20
   20   19   20   21   21   23   25   26   28   30   32   34   36   39   40   40
   39   37   34   31   31   33   37   44   52
    55.0-180.0 180.0   5.0 450.0                            LAT/LON1/LON2/DLON/H
   58   67   74   79   83   85   86   88   90   92   95   97   98   98   97   96
   95   95   94   93   92   90   88   86   84   82   81   78   74   68   60   50
   40   32   26   23   21   22   23   25   27   29   30   31   31   29   27   25
   24   24   25   27   29   31   33   36   39   40   41   42   44   46   48   47
   46   43   40   37   36   38   43   49   58
    52.5-180.0 180.0   5.0 450.0                            LAT/LON1/LON2/DLON/H
   64   72   81   86   90   92   94   95   97   98  100  100  101  100   99   99
   97   96   95   94   92   91   89   87   86   84   83   82   79   74   66   57
   47   39   34   31   30   30   31   33   35   36   38   39   39   37   35   33
   33   33   35   37   39   41   45   47   49   50   50   50   50   50   52   52
   51   48   44   41   41   42   48   55   64
    50.0-180.0 180.0   5.0 450.0                            LAT/LON1/LON2/DLON/H
   68   78   86   92   97  100  102  104  105  104  104  104  104  104  102  101
  100   98   97   95   94   93   91   90   89   88   86   85   83   78   71   62
   53   47   42   41   40   40   40   42   43   45   46   47   47   46   44   43
   43   44   47   49   51   54   56   58   59   59   58   55   54   53   53   53
   52   49   46   44   43   46   51   59   68
    47.5-180.0 180.0   5.0 450.0                            LAT/LON1/LON2/DLON/H
   71   81   89   96  103  108  112  113  113  112  110  108  108  108  107  105
  103  101   99   98   97   97   96   95   94   92   90   88   85   80   73   64
   57   52   50   50   51   51   51   51   51   52   54   55   56   56   54   54
   55   57   59   62   64   65   66   67   67   66   63   59   56   54   53   53
   51   49   47   45   45   49   54   62   71
    45.0-180.0 180.0   5.0 450.0                            LAT/LON1/LON2/DLON/H
   74   82   91   99  107  114  119  122  122  120  117  115  113  112  112  110
  108  105  103  103  103  104  104  104  102   99   95   90   85   79   72   64
   58   56   57   59   61   61   60   59   58   59   60   62   63   64   64   64
   66   69   72   74   75   74   74   73   71   69   65   60   56   53   51   51
   50   49   47   46   47   51   57   65   74
    42.5-180.0 180.0   5.0 450.0                            LAT/LON1/LON2/DLON/H
   75   84   91  100  109  119  126  131  131  129  124  121  120  119  119  116
  113  111  109  110  111  114  116  116  113  108  101   93   86   79   70   63
   59   59   63   67   70   70   68   67   65   65   66   69   71   72   72   74
   76   80   83   85   84   81   77   75   72   69   65   60   56   53   51   50
   50   49   48   47   48   53   59   67   75
    40.0-180.0 180.0   5.0 450.0                            LAT/LON1/LON2/DLON/H
   78   85   92  101  111  122  131  137  138  136  132  129  128  128  127  125
  121  119  117  118  121  126  129  129  126  118  108   98   88   78   69   62
   59   62   68   74   77   76   75   72   70   70   72   74   77   78   79   81
   83   87   90   91   88   84   78   74   70   67   64   60   56   54   52   51
   52   51   50   49   51   55   62   70   78
    37.5-180.0 180.0   5.0 450.0                            LAT/LON1/LON2/DLON/H
   81   88   94  102  113  124  135  142  145  144  140  138  137  138  137  134
  131  128  127  128  132  137  141  141  137  128  116  103   91   80   71   64
   63   67   74   80   83   82   80   76   75   74   76   79   82   83   83   84
   86   90   93   93   90   84   77   72   67   65   63   60   58   56   54   54
   55   54   53   52   53   58   66   74   81
    35.0-180.0 180.0   5.0 450.0                            LAT/LON1/LON2/DLON/H
   87   93   99  106  116  127  138  146  150  150  148  147  147  148  147  145
  142  138  137  138  142  147  150  150  145  134  122  109   98   86   77   71
   70   75   81   86   87   86   83   80   78   79   81   84   86   86   85   84
   86   90   92   91   88   82   75   69   65   63   62   62   60   59   58   58
   58   57   55   54   56   62   70   79   87
    32.5-180.0 180.0   5.0 450.0                            LAT/LON1/LON2/DLON/H
   93  101  106  113  122  131  141  150  155  157  156  155  156  157  157  156
  152  150  148  147  148  151  153  151  146  137  126  117  107   97   89   84
   84   87   91   94   93   89   86   84   83   83   85   87   87   86   84   82
   84   85   87   86   84   78   73   68   65   63   63   63   63   62   61   61
   61   60   58   57   58   64   74   84   93
    30.0-180.0 180.0   5.0 450.0                            LAT/LON1/LON2/DLON/H
  101  109  116  122  129  137  146  154  160  163  164  164  165  166  167  166
  164  160  158  155  153  152  151  147  142  135  130  126  120  113  105  101
  100  102  104  103   98   93   89   87   87   88   88   89   88   84   80   77
   78   79   80   81   79   76   71   68   66   65   66   66   66   65   63   63
   63   62   59   57   60   68   79   90  101
    27.5-180.0 180.0   5.0 450.0                            LAT/LON1/LON2/DLON/H
  108  119  127  134  140  146  153  161  167  171  173  173  173  174  175  175
  173  171  166  161  154  149  144  140  135  133  134  137  137  132  126  122
  120  119  117  113  104   96   92   91   91   92   91   89   85   80   75   72
   71   72   73   75   74   73   71   69   67   67   68   68   67   65   63   63
   62   61   58   57   61   70   83   96  108
    25.0-180.0 180.0   5.0 450.0                            LAT/LON1/LON2/DLON/H
  115  127  138  147  153  158  164  171  177  182  183  183  181  181  182  182
  182  181  176  166  156  146  139  133  130  133  142  152  157  155  149  144
  140  136  131  123  111  100   95   94   95   95   93   88   82   75   69   66
   65   66   68   70   71   73   72   71   70   69   68   68   66   64   62   61
   61   59   56   56   61   73   87  101  115
    22.5-180.0 180.0   5.0 450.0                            LAT/LON1/LON2/DLON/H
  121  135  149  160  168  174  179  186  192  197  197  195  191  188  188  189
  190  189  183  172  159  146  137  132  133  140  156  172  181  180  172  165
  159  152  144  132  117  105   99  100  100   98   93   86   77   69   64   63
   62   63   66   68   71   74   75   74   72   69   68   66   63   60   58   58
   58   55   53   55   63   75   91  106  121
    20.0-180.0 180.0   5.0 450.0                            LAT/LON1/LON2/DLON/H
  126  142  158  173  184  191  199  206  212  216  215  210  202  198  196  196
  197  196  190  178  164  151  143  140  145  158  177  197  208  205  194  183
  174  164  153  139  122  110  105  106  106  102   93   83   73   65   62   61
   63   65   67   70   73   77   78   76   72   68   65   62   58   55   53   54
   53   52   51   54   64   78   94  110  126
    17.5-180.0 180.0   5.0 450.0                            LAT/LON1/LON2/DLON/H
  130  147  166  184  199  210  221  229  236  238  236  228  218  210  206  204
  205  203  197  186  173  163  158  160  168  183  204  224  233  228  213  198
  185  172  159  143  127  115  112  113  113  106   95   82   71   64   62   64
   67   69   71   75   78   81   81   77   71   65   61   57   53   50   49   49
   49   48   48   54   66   81   99  115  130
    15.0-180.0 180.0   5.0 450.0                            LAT/LON1/LON2/DLON/H
  134  151  172  193  212  228  241  252  260  262  258  249  238  227  220  215
  213  211  205  197  187  181  181  187  198  214  234  250  256  247  229  209
  192  177  161  145  131  122  120  122  120  112   98   83   73   67   67   70
   73   76   79   81   83   84   82   77   70   62   57   52   48   46   45   46
   46   45   47   54   68   86  103  119  134
    12.5-180.0 180.0   5.0 450.0                            LAT/LON1/LON2/DLON/H
  137  155  177  201  223  242  258  272  281  283  280  271  259  247  238  229
  222  218  214  209  205  204  210  220  232  245  260  271  273  261  239  217
  197  180  164  148  136  130  130  132  129  119  104   89   79   74   74   78
   82   84   85   86   87   86   82   76   68   60   54   50   46   44   43   44
   45   44   47   56   71   90  107  122  137
    10.0-180.0 180.0   5.0 450.0                            LAT/LON1/LON2/DLON/H
  140  158  181  206  229  251  270  286  296  299  297  290  281  270  257  244
  234  228  225  224  226  232  243  255  265  273  280  284  281  268  246  223
  203  184  167  153  144  140  142  142  137  127  112   98   88   84   85   87
   89   90   90   89   88   86   81   73   65   58   53   50   47   44   43   44
   44   43   47   58   75   94  112  127  140
     7.5-180.0 180.0   5.0 450.0                            LAT/LON1/LON2/DLON/H
  144  162  185  210  233  255  276  293  303  307  307  304  298  289  275  260
  246  239  238  241  248  260  274  287  292  291  291  289  283  271  252  231
  211  191  174  161  154  152  153  151  145  133  120  108   99   95   94   95
   95   94   91   89   88   84   78   71   65   59   56   52   49   46   45   45
   44   44   49   61   78   98  115  130  144
     5.0-180.0 180.0   5.0 450.0                            LAT/LON1/LON2/DLON/H
  148  166  189  213  236  257  277  293  303  308  309  310  309  301  289  273
  258  251  251  258  269  285  302  311  310  302  294  288  282  272  257  240
  222  203  186  174  167  165  163  159  151  139  127  118  110  105  102  100
   98   94   89   86   84   80   75   70   65   62   60   57   53   50   48   48
   46   46   51   64   83  101  118  133  148
     2.5-180.0 180.0   5.0 450.0                            LAT/LON1/LON2/DLON/H
  151  169  193  216  238  258  276  290  298  302  305  308  309  306  296  282
  268  262  265  274  288  305  321  327  320  305  292  284  279  274  264  251
  236  219  201  189  181  176  171  163  153  142  133  125  118  113  108  103
   98   91   85   82   80   77   72   68   67   65   64   62   57   55   52   50
   48   48   54   68   87  104  121  135  151
