igsg/igsg0390.17i
     1.0            IONOSPHERE MAPS     MIX                 IONEX VERSION / TYPE
cmpcmb v1.2          GRL/UWM            25-feb-17 16:11     PGM / RUN BY / DATE 
ionex file containing IGS COMBINED Ionosphere maps          COMMENT             
global ionosphere maps for day 039, 2017                    DESCRIPTION         
IONEX file containing the COMBINED IGS TEC MAPS and DCBs    DESCRIPTION         
      IONEX files of the following IAACs were combined: cod DESCRIPTION         
                                                        jpl DESCRIPTION         
Contact address: Andrzej Krankowski                         DESCRIPTION
                 Geodynamics Research Laboratory            DESCRIPTION
                 University of Warmia and Mazury (GRL/UWM)  DESCRIPTION
                 Oczapowski St. 1                           DESCRIPTION
                 10-957-Olsztyn, POLAND                     DESCRIPTION
                 e-mail:  kand@uwm.edu.pl                   DESCRIPTION
                                                            DESCRIPTION         
  2017     2     8     0     0     0                        EPOCH OF FIRST MAP  
  2017     2     9     0     0     0                        EPOCH OF LAST MAP   
  7200                                                      INTERVAL            
    13                                                      # OF MAPS IN FILE   
  COSZ                                                      MAPPING FUNCTION    
     0.0                                                    ELEVATION CUTOFF    
combined TEC calculated as weighted mean of input TEC valuesOBSERVABLES USED    
   329                                                      # OF STATIONS       
    32                                                      # OF SATELLITES     
  6371.0                                                    BASE RADIUS         
     2                                                      MAP DIMENSION       
   450.0 450.0   0.0                                        HGT1 / HGT2 / DHGT  
    87.5 -87.5  -2.5                                        LAT1 / LAT2 / DLAT  
  -180.0 180.0   5.0                                        LON1 / LON2 / DLON  
    -1                                                      EXPONENT            
TEC values in 0.1 tec units;  9999, if no value available   COMMENT             
DCB values in nanoseconds, reference is Sum_of_SatDCBs = 0  COMMENT             
                                                            END OF HEADER       
[from data line 1287]
     4                                                      START OF TEC MAP    
  2017     2     8     6     0     0                        EPOCH OF CURRENT MAP
    87.5-180.0 180.0   5.0 450.0                            LAT/LON1/LON2/DLON/H
   29   29   29   29   28   28   28   27   27   27   27   27   27   27   27   27
   26   26   26   26   26   26   26   26   27   27   27   27   27   27   27   27
   28   28   28   28   29   29   29   29   30   30   30   30   31   31   31   31
   31   31   31   32   32   32   32   32   32   32   32   32   31   31   31   31
   30   30   30   30   30   29   29   29   29
    85.0-180.0 180.0   5.0 450.0                            LAT/LON1/LON2/DLON/H
   29   29   28   27   27   27   27   27   27   26   26   26   25   25   25   25
   24   24   24   24   24   24   24   24   24   25   25   25   26   26   27   27
   28   28   28   29   29   29   30   30   31   31   32   32   33   33   34   34
   34   35   35   36   36   36   35   36   36   36   35   35   35   35   34   34
   33   32   32   31   31   30   30   29   29
    82.5-180.0 180.0   5.0 450.0                            LAT/LON1/LON2/DLON/H
   29   28   28   27   27   27   27   27   27   26   26   25   25   24   23   23
   22   22   22   22   22   22   22   22   22   23   24   24   25   26   27   27
   28   28   29   30   30   30   31   31   32   32   33   33   34   35   36   37
   38   38   39   39   40   40   41   41   41   41   41   41   40   39   37   37
   36   35   34   32   31   30   30   30   29
    80.0-180.0 180.0   5.0 450.0                            LAT/LON1/LON2/DLON/H
   28   28   27   27   26   27   26   26   26   26   26   25   24   24   23   22
   21   20   20   20   20   20   20   20   21   23   23   24   25   27   27   28
   29   29   30   30   30   30   31   31   32   32   33   34   35   36   37   39
   40   41   43   44   45   46   47   48   48   48   48   47   45   44   43   41
   40   38   36   34   33   32   30   29   28
    77.5-180.0 180.0   5.0 450.0                            LAT/LON1/LON2/DLON/H
   28   27   26   26   26   26   26   26   26   26   26   25   24   23   22   20
   20   19   18   17   18   18   19   19   21   23   24   25   26   28   28   29
   29   29   29   29   29   29   29   30   30   30   31   33   34   36   38   40
   42   44   47   49   51   53   54   55   55   56   55   54   52   51   48   47
   44   42   40   37   35   33   31   29   28
    75.0-180.0 180.0   5.0 450.0                            LAT/LON1/LON2/DLON/H
   28   26   25   24   25   24   24   25   26   26   26   25   24   23   21   20
   18   18   17   17   17   18   19   20   22   23   25   27   28   29   29   30
   29   29   28   27   27   27   26   27   27   28   29   31   34   36   39   41
   44   48   51   54   57   59   61   63   63   64   63   62   60   57   55   52
   49   47   43   41   38   35   33   30   28
    72.5-180.0 180.0   5.0 450.0                            LAT/LON1/LON2/DLON/H
   29   26   24   23   22   22   23   23   24   25   25   24   23   22   21   19
   17   16   16   17   17   18   20   21   23   25   27   28   29   29   29   29
   28   27   25   24   23   22   23   23   24   26   27   30   33   36   39   43
   47   51   54   59   62   65   68   70   71   71   70   69   67   64   61   57
   54   51   48   45   42   39   35   32   29
    70.0-180.0 180.0   5.0 450.0                            LAT/LON1/LON2/DLON/H
   30   26   23   20   20   19   20   21   23   23   24   23   22   21   19   18
   17   16   17   17   18   20   22   24   25   26   27   28   29   28   27   26
   25   23   21   20   19   18   18   19   21   23   26   29   33   37   41   45
   49   53   58   62   66   70   73   75   77   77   76   74   72   69   65   62
   59   56   53   50   47   43   38   34   30
    67.5-180.0 180.0   5.0 450.0                            LAT/LON1/LON2/DLON/H
   33   27   23   19   17   17   17   19   20   21   22   22   21   19   18   17
   17   17   17   18   20   22   23   25   26   26   27   27   26   25   24   23
   21   19   17   15   14   13   15   16   19   22   26   30   34   38   43   47
   51   56   61   66   70   74   77   79   80   80   80   78   75   71   68   65
   62   59   57   54   51   47   43   38   33
    65.0-180.0 180.0   5.0 450.0                            LAT/LON1/LON2/DLON/H
   35   29   23   19   16   15   15   17   18   19   20   20   19   18   17   17
   16   17   18   20   21   22   24   24   25   25   25   24   23   22   21   19
   17   15   12   11   10   10   12   14   18   22   28   32   37   42   46   50
   54   59   63   68   72   76   79   81   83   83   82   79   76   72   68   65
   63   60   58   56   55   52   47   41   35
    62.5-180.0 180.0   5.0 450.0                            LAT/LON1/LON2/DLON/H
   39   32   25   20   17   15   14   15   16   18   18   18   18   17   17   17
   17   18   19   20   21   22   23   23   23   22   21   20   20   19   17   16
   14   12   10    8    8    8   10   14   19   25   30   36   42   47   51   55
   58   63   66   70   74   77   80   82   83   83   82   79   75   72   68   64
   62   60   58   58   56   54   50   45   39
    60.0-180.0 180.0   5.0 450.0                            LAT/LON1/LON2/DLON/H
   42   35   28   23   19   16   15   15   17   17   18   18   17   17   17   17
   18   19   20   20   21   21   21   21   19   19   18   17   16   16   16   15
   13   11    9    7    7    8   11   15   21   28   35   42   48   53   57   60
   63   67   69   72   75   78   81   82   83   84   82   79   76   72   68   64
   61   59   58   57   57   55   52   48   42
    57.5-180.0 180.0   5.0 450.0                            LAT/LON1/LON2/DLON/H
   45   40   33   27   23   20   19   18   18   18   18   18   17   17   17   18
   18   19   19   19   19   19   18   17   17   16   15   15   16   16   17   17
   15   13   11    9    9   11   14   19   25   33   41   48   55   60   64   66
   69   70   73   75   78   80   82   83   84   84   83   81   78   74   70   65
   62   59   57   57   56   56   54   51   45
    55.0-180.0 180.0   5.0 450.0                            LAT/LON1/LON2/DLON/H
   48   43   38   32   28   25   24   23   21   21   20   19   18   18   19   19
   19   19   19   18   18   17   17   16   16   16   16   17   18   20   21   21
   20   18   16   14   13   15   18   24   30   39   47   55   62   67   70   73
   74   76   78   80   81   83   84   86   87   87   86   85   82   78   74   70
   65   61   58   56   56   56   54   52   48
    52.5-180.0 180.0   5.0 450.0                            LAT/LON1/LON2/DLON/H
   51   47   42   38   35   33   31   29   26   25   23   21   20   21   21   21
   21   20   19   18   18   17   17   18   18   19   20   21   23   25   27   28
   27   25   22   20   20   21   25   30   37   45   54   62   69   74   77   79
   80   82   84   85   86   87   89   90   91   91   91   89   88   85   82   76
   70   65   60   57   56   56   55   54   51
    50.0-180.0 180.0   5.0 450.0                            LAT/LON1/LON2/DLON/H
   53   50   46   44   42   40   38   36   33   30   27   26   25   24   25   25
   24   23   21   20   20   20   21   23   24   25   26   28   30   32   34   34
   33   32   30   29   29   30   32   37   43   52   61   68   75   80   83   85
   87   88   90   91   92   93   95   96   96   96   96   95   94   92   89   84
   78   71   65   60   57   56   56   55   53
    47.5-180.0 180.0   5.0 450.0                            LAT/LON1/LON2/DLON/H
   54   52   49   48   47   47   45   43   40   37   34   32   31   31   30   30
   29   28   26   25   25   26   28   31   33   35   36   37   39   39   41   41
   40   38   38   37   37   38   40   44   51   59   68   75   82   86   88   91
   93   94   96   98   99  100  101  102  102  102  101  100  100   98   96   92
   85   78   70   64   60   58   57   56   54
    45.0-180.0 180.0   5.0 450.0                            LAT/LON1/LON2/DLON/H
   56   53   50   50   50   51   51   49   46   44   42   41   40   39   38   38
   37   35   34   33   33   35   39   42   45   46   47   47   47   46   46   45
   45   44   45   45   46   46   48   52   58   67   75   82   88   92   94   96
   98  101  102  104  106  107  109  109  109  107  105  103  103  102  101   97
   91   83   75   69   64   61   59   58   56
    42.5-180.0 180.0   5.0 450.0                            LAT/LON1/LON2/DLON/H
   57   53   51   51   52   53   54   53   52   51   51   51   50   50   49   48
   47   46   44   43   45   47   51   54   57   58   58   56   54   52   50   48
   48   49   50   51   52   53   55   60   66   75   83   90   95   97  100  102
  104  106  108  110  112  114  115  116  114  112  107  105  103  102  102   99
   94   87   79   73   68   64   62   60   57
    40.0-180.0 180.0   5.0 450.0                            LAT/LON1/LON2/DLON/H
   58   54   51   51   53   54   55   56   56   58   60   62   64   63   61   59
   58   57   56   55   57   59   63   67   69   69   67   64   60   57   53   50
   50   52   53   56   56   58   60   65   73   82   91   98  102  104  106  107
  109  110  113  115  117  120  121  122  121  116  110  105  103  102  101   98
   94   88   82   77   72   68   66   62   58
    37.5-180.0 180.0   5.0 450.0                            LAT/LON1/LON2/DLON/H
   61   55   52   51   52   54   55   56   59   64   70   74   76   75   73   71
   70   69   68   67   67   70   73   77   78   77   74   70   65   60   56   53
   52   54   56   57   58   60   63   70   80   89   99  105  109  111  112  112
  113  114  117  118  121  123  126  127  126  120  114  108  105  103  102   99
   95   90   85   80   77   74   70   66   61
    35.0-180.0 180.0   5.0 450.0                            LAT/LON1/LON2/DLON/H
   63   58   54   52   52   53   54   56   60   69   77   85   89   88   84   81
   80   79   78   76   75   77   80   83   83   81   77   73   68   63   59   56
   56   56   57   57   57   60   65   74   85   97  106  113  116  117  117  117
  118  119  120  121  123  126  130  132  131  127  121  115  112  110  107  104
   99   94   90   86   84   80   75   70   63
    32.5-180.0 180.0   5.0 450.0                            LAT/LON1/LON2/DLON/H
   67   60   56   53   53   53   53   55   61   71   82   93   98   97   93   89
   87   86   84   81   80   81   83   84   84   82   78   74   71   67   62   60
   58   58   58   57   56   59   66   76   89  103  113  120  124  124  124  124
  124  124  124  124  125  128  132  135  138  136  133  129  126  123  121  116
  110  104   99   96   93   89   82   75   67
    30.0-180.0 180.0   5.0 450.0                            LAT/LON1/LON2/DLON/H
   71   64   59   55   55   54   53   55   61   71   85   97  104  104   98   93
   91   89   87   83   80   80   81   82   81   79   76   73   72   69   67   64
   62   60   58   55   53   56   65   78   93  107  118  126  129  131  132  132
  132  132  130  129  127  129  134  140  146  149  151  149  148  146  143  137
  129  121  115  110  106   99   90   80   71
    27.5-180.0 180.0   5.0 450.0                            LAT/LON1/LON2/DLON/H
   78   69   63   59   58   56   54   55   60   70   83   97  105  105   99   93
   91   89   86   81   78   77   77   78   77   74   72   71   72   72   70   68
   65   62   57   52   50   54   64   79   96  110  122  130  135  138  140  142
  143  143  139  135  132  133  138  147  156  165  171  175  176  175  172  164
  155  146  137  130  123  113  101   88   78
    25.0-180.0 180.0   5.0 450.0                            LAT/LON1/LON2/DLON/H
   86   76   68   64   61   60   57   56   59   68   80   93  100  101   96   90
   87   86   83   78   74   72   73   73   72   70   69   70   72   74   73   71
   67   63   56   50   47   52   64   80   97  113  125  135  140  145  151  156
  158  157  153  146  141  141  146  157  170  183  194  202  206  207  204  195
  184  173  163  154  144  131  115   99   86
    22.5-180.0 180.0   5.0 450.0                            LAT/LON1/LON2/DLON/H
   98   85   75   70   66   64   61   59   60   66   75   86   93   94   90   84
   82   81   78   74   70   69   69   69   68   66   65   67   71   74   74   72
   68   62   55   47   44   50   63   81   99  114  127  138  146  155  163  171
  175  175  170  162  155  154  159  170  186  203  218  229  235  237  233  225
  213  201  190  180  168  151  132  113   98
    20.0-180.0 180.0   5.0 450.0                            LAT/LON1/LON2/DLON/H
  111   96   85   77   73   71   68   64   63   65   71   80   85   86   83   78
   76   76   74   70   67   65   66   66   65   63   62   65   68   71   72   71
   67   61   53   46   44   50   64   81   99  115  128  141  153  165  177  188
  194  195  190  182  175  173  177  190  205  223  240  252  259  261  257  249
  237  225  214  205  192  172  150  129  111
    17.5-180.0 180.0   5.0 450.0                            LAT/LON1/LON2/DLON/H
  128  111   96   86   81   78   75   71   68   68   71   76   79   79   77   73
   71   71   70   68   65   64   65   65   64   61   60   62   64   67   69   68
   65   59   52   45   44   51   66   83   99  115  130  145  160  175  191  205
  214  216  212  204  198  197  201  211  226  243  258  270  277  279  274  265
  253  242  234  226  213  193  170  149  128
    15.0-180.0 180.0   5.0 450.0                            LAT/LON1/LON2/DLON/H
  148  128  110   98   91   87   83   79   75   73   73   75   76   76   73   70
   68   68   68   66   65   64   65   65   63   60   58   58   60   62   63   63
   62   58   52   47   47   55   68   84  100  116  132  150  167  186  204  220
  231  235  232  226  221  220  224  233  245  260  273  283  288  289  283  273
  263  254  248  241  231  213  191  169  148
    12.5-180.0 180.0   5.0 450.0                            LAT/LON1/LON2/DLON/H
  168  147  126  111  102   97   92   87   83   80   79   78   77   77   74   71
   69   68   68   68   67   66   66   66   63   59   56   54   56   57   58   59
   59   57   54   50   51   58   71   86  101  117  135  154  175  195  214  232
  244  249  248  243  241  241  245  251  261  272  282  290  294  293  286  276
  268  261  256  253  245  229  210  189  168
    10.0-180.0 180.0   5.0 450.0                            LAT/LON1/LON2/DLON/H
  188  166  144  126  114  106  100   94   91   88   86   83   82   80   79   76
   73   72   71   71   71   70   69   67   64   58   54   52   52   53   53   55
   57   58   56   54   55   63   74   87  102  118  137  158  180  201  220  238
  251  257  257  254  254  256  259  264  271  279  286  292  295  294  288  279
  271  265  261  258  253  242  225  208  188
     7.5-180.0 180.0   5.0 450.0                            LAT/LON1/LON2/DLON/H
  206  185  161  141  127  116  107  101   97   95   92   88   87   86   86   83
   80   77   76   77   77   76   74   70   64   58   53   50   49   50   51   53
   56   59   59   58   59   67   77   89  102  118  138  159  181  202  222  239
  251  257  257  257  258  262  265  269  273  279  285  291  295  295  290  283
  275  269  264  261  257  250  238  224  206
     5.0-180.0 180.0   5.0 450.0                            LAT/LON1/LON2/DLON/H
  220  200  177  155  138  124  113  105  102   99   96   92   91   93   93   92
   89   84   83   83   84   83   79   73   66   58   53   50   49   49   50   52
   56   60   60   60   62   68   79   89  102  117  136  157  178  198  217  233
  244  249  250  250  255  260  264  266  269  275  281  288  295  298  296  290
  283  276  267  260  257  253  246  235  220
     2.5-180.0 180.0   5.0 450.0                            LAT/LON1/LON2/DLON/H
  229  210  189  167  148  131  118  109  105  102   98   95   95   98  101  101
   97   93   90   90   92   90   84   77   68   60   54   51   50   50   51   53
   57   60   61   60   62   69   79   90  101  115  133  151  170  188  207  221
  232  236  237  240  246  252  257  258  260  266  275  286  297  304  305  301
  294  284  270  259  255  252  248  241  229
