igsg/igsg1290.16i
     1.0            IONOSPHERE MAPS     MIX                 IONEX VERSION / TYPE
cmpcmb v1.2          GRL/UWM            27-may-16 13:30     PGM / RUN BY / DATE 
ionex file containing IGS COMBINED Ionosphere maps          COMMENT             
global ionosphere maps for day 129, 2016                    DESCRIPTION         
IONEX file containing the COMBINED IGS TEC MAPS and DCBs    DESCRIPTION         
      IONEX files of the following IAACs were combined: cod DESCRIPTION         
                                                        jpl DESCRIPTION         
Contact address: Andrzej Krankowski                         DESCRIPTION
                 Geodynamics Research Laboratory            DESCRIPTION
                 University of Warmia and Mazury (GRL/UWM)  DESCRIPTION
                 Oczapowski St. 1                           DESCRIPTION
                 10-957-Olsztyn, POLAND                     DESCRIPTION
                 e-mail:  kand@uwm.edu.pl                   DESCRIPTION
                                                            DESCRIPTION         
  2016     5     8     0     0     0                        EPOCH OF FIRST MAP  
  2016     5     9     0     0     0                        EPOCH OF LAST MAP   
  7200                                                      INTERVAL            
    13                                                      # OF MAPS IN FILE   
  COSZ                                                      MAPPING FUNCTION    
     0.0                                                    ELEVATION CUTOFF    
combined TEC calculated as weighted mean of input TEC valuesOBSERVABLES USED    
   312                                                      # OF STATIONS       
    32                                                      # OF SATELLITES     
  6371.0                                                    BASE RADIUS         
     2                                                      MAP DIMENSION       
   450.0 450.0   0.0                                        HGT1 / HGT2 / DHGT  
    87.5 -87.5  -2.5                                        LAT1 / LAT2 / DLAT  
  -180.0 180.0   5.0                                        LON1 / LON2 / DLON  
    -1                                                      EXPONENT            
TEC values in 0.1 tec units;  9999, if no value available   COMMENT             
DCB values in nanoseconds, reference is Sum_of_SatDCBs = 0  COMMENT             
                                                            END OF HEADER       
[from data line 3432]
     9                                                      START OF TEC MAP    
  2016     5     8    16     0     0                        EPOCH OF CURRENT MAP
    87.5-180.0 180.0   5.0 450.0                            LAT/LON1/LON2/DLON/H
   77   78   78   78   79   79   80   81   81   81   82   83   83   83   84   85
   85   86   86   87   87   88   88   89   90   90   90   91   91   91   91   92
   92   92   92   92   92   92   91   91   91   91   91   90   90   89   88   88
   87   86   85   84   83   82   81   80   80   79   78   78   77   77   77   77
   76   76   76   76   76   76   76   77   77
    85.0-180.0 180.0   5.0 450.0                            LAT/LON1/LON2/DLON/H
   75   76   76   77   78   79   79   80   81   81   82   83   83   84   85   86
   86   87   88   89   90   91   92   93   94   95   96   96   97   98   99   99
  100  100  101  101  101  101  101  101  101  100  100   99   98   96   95   94
   92   90   89   87   85   82   81   79   77   76   74   73   72   71   71   71
   71   71   71   71   72   73   73   74   75
    82.5-180.0 180.0   5.0 450.0                            LAT/LON1/LON2/DLON/H
   76   77   78   79   80   80   81   81   81   82   83   83   84   84   85   86
   87   88   89   90   91   93   94   95   96   97   98   99  100  101  101  102
  103  103  104  104  105  106  106  107  107  107  108  107  106  105  104  101
   99   97   94   91   89   85   82   79   76   74   72   70   69   68   67   67
   67   68   69   70   71   73   74   75   76
    80.0-180.0 180.0   5.0 450.0                            LAT/LON1/LON2/DLON/H
   80   81   82   83   84   84   83   83   83   83   83   83   83   83   83   84
   85   86   88   89   91   92   94   95   97   98   99  100  100  101  101  101
  101  101  102  103  104  105  106  107  108  109  111  111  111  111  110  108
  106  103  100   97   93   89   85   81   78   74   71   69   68   66   66   66
   66   68   69   71   73   75   77   78   80
    77.5-180.0 180.0   5.0 450.0                            LAT/LON1/LON2/DLON/H
   85   87   88   88   88   87   87   86   85   84   83   82   81   81   81   81
   82   83   84   86   88   90   92   94   96   97   98   99   99   99   98   98
   97   96   97   96   98   98  100  102  104  106  108  110  111  111  111  110
  109  107  104  101   97   93   89   85   81   77   73   71   68   66   66   66
   67   68   70   73   76   78   80   83   85
    75.0-180.0 180.0   5.0 450.0                            LAT/LON1/LON2/DLON/H
   89   91   91   92   91   90   89   88   86   84   83   81   80   79   78   78
   78   79   80   82   84   87   90   92   94   96   97   97   97   97   95   94
   92   90   90   89   89   90   92   93   96   98  101  103  105  106  106  106
  106  105  103  101   98   96   92   88   84   80   76   73   70   68   67   67
   67   68   71   73   77   80   83   86   89
    72.5-180.0 180.0   5.0 450.0                            LAT/LON1/LON2/DLON/H
   90   91   93   93   92   91   90   88   86   84   82   81   79   78   76   75
   75   75   76   78   81   84   88   91   94   96   97   98   97   95   93   90
   88   85   83   82   81   83   83   85   86   89   90   93   94   96   96   97
   97   98   98   97   96   94   92   89   86   81   78   73   70   68   66   66
   66   68   70   73   76   79   84   87   90
    70.0-180.0 180.0   5.0 450.0                            LAT/LON1/LON2/DLON/H
   87   90   91   91   91   90   89   87   86   84   83   81   80   78   76   74
   74   73   75   77   81   85   89   93   96   99  100  100   99   97   94   90
   86   83   80   79   78   78   79   80   81   81   82   82   82   83   83   84
   85   86   88   89   90   90   89   87   84   80   76   73   69   67   65   64
   64   64   66   68   72   76   80   84   87
    67.5-180.0 180.0   5.0 450.0                            LAT/LON1/LON2/DLON/H
   82   85   86   87   87   86   86   85   85   85   84   83   81   80   78   76
   75   75   76   79   83   88   93   98  102  105  106  106  105  102   98   94
   89   86   83   81   80   80   80   80   79   78   76   74   73   71   71   71
   72   74   77   79   81   82   82   81   78   75   71   68   66   64   62   61
   60   60   61   63   66   70   74   79   82
    65.0-180.0 180.0   5.0 450.0                            LAT/LON1/LON2/DLON/H
   76   79   80   81   82   82   82   83   84   84   85   85   85   84   82   81
   80   80   82   85   89   95  101  106  111  114  115  114  112  109  105  100
   96   93   91   89   88   88   88   86   85   81   77   73   69   65   63   63
   64   66   68   71   73   73   73   72   69   66   63   61   60   59   59   58
   57   56   56   57   60   63   68   72   76
    62.5-180.0 180.0   5.0 450.0                            LAT/LON1/LON2/DLON/H
   71   73   75   76   77   78   79   81   82   84   86   87   88   88   88   87
   87   88   90   93   98  104  110  116  120  123  124  123  120  117  113  109
  105  103  102  101  101  101  101   99   95   90   84   79   73   67   65   63
   63   63   65   66   67   67   65   62   60   56   54   54   54   55   57   57
   56   55   53   53   55   58   62   67   71
    60.0-180.0 180.0   5.0 450.0                            LAT/LON1/LON2/DLON/H
   66   69   71   72   73   75   77   79   81   83   86   88   91   92   94   95
   95   96   99  103  108  114  119  124  128  131  131  129  127  124  119  117
  115  114  115  116  117  117  116  113  109  104   98   91   86   80   75   72
   70   70   70   69   68   66   62   58   54   50   48   48   51   54   57   59
   58   55   53   52   53   55   59   63   66
    57.5-180.0 180.0   5.0 450.0                            LAT/LON1/LON2/DLON/H
   65   67   69   70   72   74   77   79   81   83   85   89   92   96   98  100
  102  104  107  111  115  121  126  130  133  135  135  133  130  127  124  123
  122  123  126  129  130  131  129  127  123  119  114  110  105  100   95   90
   88   85   82   80   77   73   67   61   55   50   47   48   51   56   61   63
   62   59   56   54   54   56   59   62   65
    55.0-180.0 180.0   5.0 450.0                            LAT/LON1/LON2/DLON/H
   65   67   69   71   74   76   79   80   82   83   85   88   92   98  101  105
  107  109  111  115  119  123  127  131  133  134  134  133  130  128  126  126
  127  130  134  137  140  140  139  138  135  134  132  130  128  125  121  116
  112  107  103   98   94   88   81   74   66   59   55   54   57   62   67   70
   70   67   62   59   58   58   60   63   65
    52.5-180.0 180.0   5.0 450.0                            LAT/LON1/LON2/DLON/H
   66   68   70   73   76   80   83   84   84   84   85   88   93   99  104  107
  109  111  112  115  118  121  124  126  128  129  130  129  128  126  125  126
  129  133  137  141  144  145  144  144  145  146  149  151  152  151  149  145
  140  134  128  123  117  111  104   95   86   76   70   67   68   72   76   79
   78   75   70   66   63   63   63   65   66
    50.0-180.0 180.0   5.0 450.0                            LAT/LON1/LON2/DLON/H
   67   68   70   75   80   85   88   89   88   87   87   90   96  101  106  108
  109  110  111  112  114  116  117  119  121  123  125  125  125  125  125  126
  129  133  139  142  145  147  148  149  152  157  164  170  174  177  176  174
  169  163  156  150  144  137  130  121  110   99   90   84   82   84   87   89
   88   84   79   74   70   68   67   67   67
    47.5-180.0 180.0   5.0 450.0                            LAT/LON1/LON2/DLON/H
   67   68   70   75   83   89   94   95   94   92   92   95  100  106  110  111
  110  109  108  109  110  111  112  113  115  118  121  123  124  125  125  128
  131  135  140  145  147  150  153  156  161  169  177  187  194  199  201  200
  195  189  182  175  169  163  156  147  135  123  111  103   98   97   98   98
   97   93   87   81   76   73   71   69   67
    45.0-180.0 180.0   5.0 450.0                            LAT/LON1/LON2/DLON/H
   68   67   69   75   83   92   98  100  100   98   99  102  108  113  115  114
  112  109  107  107  107  108  109  111  113  117  122  125  127  129  129  132
  135  140  146  152  156  159  163  168  174  182  192  202  211  218  222  222
  218  212  204  197  191  185  178  169  158  144  131  120  113  110  108  108
  106  102   95   89   83   78   75   71   68
    42.5-180.0 180.0   5.0 450.0                            LAT/LON1/LON2/DLON/H
   70   68   69   74   83   93  100  104  105  106  107  112  118  122  122  120
  116  112  110  109  110  111  112  114  117  121  127  132  135  136  138  141
  145  151  159  166  173  178  183  188  194  201  210  219  228  236  240  240
  237  230  222  214  207  201  194  185  174  161  147  136  128  122  119  117
  115  111  104   97   91   85   80   75   70
    40.0-180.0 180.0   5.0 450.0                            LAT/LON1/LON2/DLON/H
   76   71   71   74   82   91   99  105  109  112  116  122  128  132  131  127
  122  118  116  115  117  118  120  122  126  131  137  141  145  147  149  153
  160  170  181  191  200  207  212  216  220  225  231  239  247  253  257  256
  251  243  234  226  219  211  204  195  184  172  160  149  140  134  130  128
  125  120  115  107  101   94   88   82   76
    37.5-180.0 180.0   5.0 450.0                            LAT/LON1/LON2/DLON/H
   86   80   76   77   81   89   97  104  111  117  124  131  138  141  140  136
  130  126  125  125  127  130  132  134  138  143  148  153  157  160  163  170
  180  195  210  224  235  243  247  250  251  253  257  262  268  272  273  269
  262  252  242  234  226  218  210  201  190  179  169  159  152  145  141  138
  135  132  126  120  113  107  101   94   86
    35.0-180.0 180.0   5.0 450.0                            LAT/LON1/LON2/DLON/H
  103   94   86   82   83   87   93  102  111  120  129  137  144  148  147  144
  139  136  135  136  139  142  145  147  150  155  160  165  169  173  179  189
  205  224  244  261  273  281  284  285  284  284  285  289  292  293  289  282
  271  259  248  240  232  224  215  205  194  183  175  168  161  156  151  148
  146  144  140  135  129  123  118  112  103
    32.5-180.0 180.0   5.0 450.0                            LAT/LON1/LON2/DLON/H
  124  113  102   93   88   87   91   99  109  121  131  141  149  153  153  151
  147  145  145  147  150  153  156  158  161  165  171  176  181  186  195  210
  231  256  278  296  309  316  319  318  316  314  314  317  317  314  306  292
  278  264  252  244  237  229  220  209  198  187  179  173  169  164  160  157
  156  155  153  149  145  142  138  133  124
    30.0-180.0 180.0   5.0 450.0                            LAT/LON1/LON2/DLON/H
  145  133  120  106   96   89   90   97  108  121  132  142  150  155  158  157
  155  154  154  156  159  162  164  166  169  174  180  186  193  202  215  233
  259  287  311  328  339  345  347  345  343  341  341  342  341  334  320  301
  283  267  255  247  241  233  225  214  202  190  181  177  173  170  166  163
  163  164  164  163  162  160  158  154  145
    27.5-180.0 180.0   5.0 450.0                            LAT/LON1/LON2/DLON/H
  166  153  138  121  106   96   94   99  109  121  133  143  152  158  162  163
  162  162  161  162  165  167  170  172  176  182  191  200  210  222  238  260
  288  316  339  353  361  367  368  367  364  363  363  364  361  350  331  308
  286  268  255  248  242  237  230  219  206  192  183  178  175  172  168  166
  166  169  172  173  173  175  175  173  166
    25.0-180.0 180.0   5.0 450.0                            LAT/LON1/LON2/DLON/H
  181  169  154  136  119  106  101  105  114  125  136  145  156  164  169  171
  170  169  168  167  169  172  175  178  184  193  205  219  234  249  268  291
  319  345  363  372  378  382  384  383  381  380  380  380  375  361  338  312
  287  267  253  246  242  239  233  224  209  193  182  177  174  170  166  164
  166  169  174  177  180  184  186  186  181
    22.5-180.0 180.0   5.0 450.0                            LAT/LON1/LON2/DLON/H
  188  178  165  148  132  119  113  116  124  134  143  153  165  174  179  180
  180  177  174  173  174  178  182  187  196  209  227  247  267  286  306  328
  352  373  384  388  391  395  398  398  396  393  392  391  385  368  343  314
  287  265  251  243  239  238  236  227  212  194  180  173  170  166  161  159
  160  164  169  174  179  184  189  191  188
    20.0-180.0 180.0   5.0 450.0                            LAT/LON1/LON2/DLON/H
  186  180  170  156  143  133  129  132  139  147  156  167  179  189  194  194
  192  188  183  180  183  189  196  203  215  234  259  285  310  330  349  368
  386  400  405  404  405  409  414  415  411  405  402  400  393  374  347  317
  288  265  248  238  235  235  235  230  214  194  177  168  163  159  154  151
  151  154  160  166  172  178  184  188  186
    17.5-180.0 180.0   5.0 450.0                            LAT/LON1/LON2/DLON/H
  178  174  168  160  151  146  146  150  158  166  174  186  199  208  213  212
  209  203  197  194  198  207  217  227  242  266  298  329  357  378  393  407
  419  426  425  421  421  427  432  433  428  419  413  409  400  380  352  321
  291  266  247  234  230  232  235  231  217  195  175  163  156  151  146  142
  140  142  147  152  159  165  172  177  178
    15.0-180.0 180.0   5.0 450.0                            LAT/LON1/LON2/DLON/H
  162  162  160  158  155  156  160  168  178  188  198  210  222  231  235  234
  230  224  217  215  221  234  247  259  277  306  341  377  405  423  433  441
  447  449  444  438  439  447  454  455  447  435  426  421  410  389  360  328
  298  271  248  233  228  231  236  234  221  197  175  160  151  145  140  135
  131  131  133  137  143  148  154  159  162
    12.5-180.0 180.0   5.0 450.0                            LAT/LON1/LON2/DLON/H
  143  145  147  150  154  159  169  181  195  208  221  234  246  255  260  260
  256  249  244  245  255  270  285  298  319  350  387  421  447  460  463  466
  467  466  460  455  457  466  474  475  468  454  443  435  423  400  370  338
  307  278  252  235  228  232  239  239  226  202  177  159  148  142  137  132
  126  123  124  125  128  131  136  140  143
    10.0-180.0 180.0   5.0 450.0                            LAT/LON1/LON2/DLON/H
  125  127  131  137  145  156  170  187  206  225  241  256  269  278  285  287
  286  281  279  283  296  312  327  342  362  394  428  458  477  483  482  479
  479  476  470  466  470  479  489  492  485  473  461  451  436  411  379  347
  316  286  258  239  233  237  245  246  233  209  182  162  148  142  138  134
  128  123  121  118  117  118  119  122  125
     7.5-180.0 180.0   5.0 450.0                            LAT/LON1/LON2/DLON/H
  110  112  116  123  133  146  163  185  210  234  256  274  287  297  307  314
  316  315  317  326  341  357  371  385  405  433  463  486  496  495  489  484
  481  478  473  469  474  484  494  500  497  487  475  462  444  417  385  352
  321  292  264  244  238  243  251  252  239  215  188  165  151  144  143  140
  135  129  124  119  114  110  109  110  110
     5.0-180.0 180.0   5.0 450.0                            LAT/LON1/LON2/DLON/H
  102  102  104  110  119  132  151  176  206  236  264  285  300  312  327  339
  345  348  354  367  383  398  410  423  441  465  487  501  504  497  487  480
  476  472  467  463  466  476  487  496  498  491  480  465  443  415  383  350
  320  292  265  246  241  247  253  254  241  217  190  168  153  148  148  148
  145  140  133  125  116  110  106  105  102
     2.5-180.0 180.0   5.0 450.0                            LAT/LON1/LON2/DLON/H
  103   99   98  101  107  118  136  164  198  233  266  291  308  323  342  360
  370  375  384  400  416  429  439  452  468  486  500  506  501  491  479  471
  465  460  453  448  449  457  469  480  486  482  471  455  431  401  370  339
  311  284  259  242  238  243  249  247  235  212  187  166  152  149  151  154
  154  150  144  134  123  115  111  107  103
