igsg/igsg1290.16i
     1.0            IONOSPHERE MAPS     MIX                 IONEX VERSION / TYPE
cmpcmb v1.2          GRL/UWM            27-may-16 13:30     PGM / RUN BY / DATE 
ionex file containing IGS COMBINED Ionosphere maps          COMMENT             
global ionosphere maps for day 129, 2016                    DESCRIPTION         
IONEX file containing the COMBINED IGS TEC MAPS and DCBs    DESCRIPTION         
      IONEX files of the following IAACs were combined: cod DESCRIPTION         
                                                        jpl DESCRIPTION         
Contact address: Andrzej Krankowski                         DESCRIPTION
                 Geodynamics Research Laboratory            DESCRIPTION
                 University of Warmia and Mazury (GRL/UWM)  DESCRIPTION
                 Oczapowski St. 1                           DESCRIPTION
                 10-957-Olsztyn, POLAND                     DESCRIPTION
                 e-mail:  kand@uwm.edu.pl                   DESCRIPTION
                                                            DESCRIPTION         
  2016     5     8     0     0     0                        EPOCH OF FIRST MAP  
  2016     5     9     0     0     0                        EPOCH OF LAST MAP   
  7200                                                      INTERVAL            
    13                                                      # OF MAPS IN FILE   
  COSZ                                                      MAPPING FUNCTION    
     0.0                                                    ELEVATION CUTOFF    
combined TEC calculated as weighted mean of input TEC valuesOBSERVABLES USED    
   312                                                      # OF STATIONS       
    32                                                      # OF SATELLITES     
  6371.0                                                    BASE RADIUS         
     2                                                      MAP DIMENSION       
   450.0 450.0   0.0                                        HGT1 / HGT2 / DHGT  
    87.5 -87.5  -2.5                                        LAT1 / LAT2 / DLAT  
  -180.0 180.0   5.0                                        LON1 / LON2 / DLON  
    -1                                                      EXPONENT            
TEC values in 0.1 tec units;  9999, if no value available   COMMENT             
DCB values in nanoseconds, reference is Sum_of_SatDCBs = 0  COMMENT             
                                                            END OF HEADER       
     1                                                      START OF TEC MAP    
  2016     5     8     0     0     0                        EPOCH OF CURRENT MAP
    87.5-180.0 180.0   5.0 450.0                            LAT/LON1/LON2/DLON/H
  117  118  118  118  119  119  119  119  119  119  119  119  118  118  117  117
  116  116  115  114  113  113  112  112  111  110  109  109  108  108  107  107
  107  106  106  106  106  106  106  106  106  106  106  106  106  106  106  107
  106  106  106  107  108  108  108  109  109  110  110  111  111  111  112  113
  113  114  114  115  116  116  116  117  117
    85.0-180.0 180.0   5.0 450.0                            LAT/LON1/LON2/DLON/H
  122  123  124  125  126  127  127  127  127  127  127  126  125  125  124  122
  121  120  118  117  115  114  112  111  109  108  106  106  105  104  103  102
  102  102  101  101  101  101  101  101  102  102  102  103  103  103  104  104
  104  104  105  105  105  106  106  106  107  108  108  109  110  110  111  112
  113  114  115  116  118  119  120  121  122
    82.5-180.0 180.0   5.0 450.0                            LAT/LON1/LON2/DLON/H
  124  127  128  130  131  132  133  134  134  134  134  133  132  130  129  127
  125  123  120  118  116  113  111  109  106  105  103  101  100   99   98   98
   97   97   97   98   98   98   99  100  101  101  102  103  103  103  103  103
  103  104  104  104  104  104  104  105  105  105  106  106  107  108  109  110
  111  113  114  116  117  119  121  123  124
    80.0-180.0 180.0   5.0 450.0                            LAT/LON1/LON2/DLON/H
  124  127  129  131  134  135  137  138  139  139  139  138  137  135  133  130
  127  124  121  117  114  111  109  106  103  101   99   97   96   94   93   93
   93   93   94   94   96   97   98  100  101  102  103  104  104  104  104  104
  104  104  103  103  103  102  102  102  103  103  103  104  104  105  106  107
  108  110  111  113  115  117  119  122  124
    77.5-180.0 180.0   5.0 450.0                            LAT/LON1/LON2/DLON/H
  121  123  127  130  133  135  138  140  141  142  141  140  138  136  133  130
  126  122  118  115  111  108  105  103  100   97   95   93   91   90   89   88
   88   89   90   92   93   96   98  100  102  103  104  105  105  105  105  105
  104  103  103  102  101  101  100  100  100  100  100  101  101  101  103  103
  105  106  107  109  111  113  115  118  121
    75.0-180.0 180.0   5.0 450.0                            LAT/LON1/LON2/DLON/H
  116  119  122  125  129  133  135  138  140  141  141  141  138  136  132  128
  123  119  115  111  107  104  101   99   96   94   91   90   87   85   84   83
   83   83   85   87   90   93   96   99  101  102  103  104  104  104  103  102
  102  101  101  101  100   99   99   99   98   98   98   98   99   99   99  100
  100  102  103  105  106  108  110  113  116
    72.5-180.0 180.0   5.0 450.0                            LAT/LON1/LON2/DLON/H
  111  114  117  120  124  128  131  134  137  138  139  139  137  134  130  125
  120  115  111  106  103   99   97   95   93   91   89   86   84   81   79   77
   76   77   79   81   85   88   92   94   96   98   99   99   99   98   98   98
   98   98   98   98   98   98   96   96   96   96   96   96   96   96   96   98
   98   99  100  100  103  104  106  108  111
    70.0-180.0 180.0   5.0 450.0                            LAT/LON1/LON2/DLON/H
  108  110  112  115  118  122  126  129  132  135  136  137  135  132  128  123
  118  112  107  103   99   96   94   92   90   88   86   84   81   77   74   72
   70   70   71   74   78   81   84   87   89   90   90   90   90   90   90   91
   92   93   94   95   96   96   96   96   95   95   95   95   95   95   96   96
   96   98   99  100  100  103  104  106  108
    67.5-180.0 180.0   5.0 450.0                            LAT/LON1/LON2/DLON/H
  107  108  110  112  114  117  120  124  128  131  133  135  134  132  128  123
  117  111  106  101   97   94   92   90   89   87   85   83   79   75   71   67
   65   64   64   67   69   73   75   77   78   79   78   78   78   78   80   82
   85   88   91   93   95   95   96   95   95   94   95   95   95   96   96   98
   98   99  100  101  103  104  105  106  107
    65.0-180.0 180.0   5.0 450.0                            LAT/LON1/LON2/DLON/H
  111  111  111  111  112  113  115  118  123  127  130  133  134  133  130  126
  119  113  107  101   97   94   92   90   89   87   85   82   79   74   70   65
   61   59   58   59   62   64   66   67   67   66   65   65   65   66   69   73
   78   83   88   92   94   95   96   96   95   95   96   96   97   99  100  100
  103  104  105  106  108  109  110  110  111
    62.5-180.0 180.0   5.0 450.0                            LAT/LON1/LON2/DLON/H
  118  116  115  114  113  112  113  115  118  123  128  132  135  135  133  129
  124  117  111  105  100   96   94   91   89   88   85   83   80   75   70   65
   60   57   54   55   55   57   58   58   57   56   54   53   54   56   61   67
   73   80   86   91   95   96   96   97   96   96   98  100  101  103  105  106
  108  110  112  114  115  116  117  118  118
    60.0-180.0 180.0   5.0 450.0                            LAT/LON1/LON2/DLON/H
  127  126  123  120  117  115  113  114  116  120  126  131  135  137  137  134
  130  124  117  111  105  101   97   95   92   90   88   86   82   78   73   67
   61   57   54   53   52   53   53   52   50   48   47   46   47   50   56   62
   70   78   86   91   96   98   99   99   99  100  102  105  106  110  112  114
  116  118  119  121  124  126  127  127  127
    57.5-180.0 180.0   5.0 450.0                            LAT/LON1/LON2/DLON/H
  138  137  134  130  126  122  118  116  117  120  125  130  135  138  140  138
  135  130  124  118  113  108  103  100   97   95   92   90   87   83   77   71
   65   59   55   53   53   53   52   51   49   47   45   44   45   49   54   62
   70   79   86   93   97  100  101  101  102  105  108  111  115  118  120  122
  124  125  127  129  132  134  136  138  138
    55.0-180.0 180.0   5.0 450.0                            LAT/LON1/LON2/DLON/H
  148  148  147  144  139  135  130  125  123  124  127  131  136  140  141  141
  139  136  131  127  122  117  112  108  104  102   99   96   93   88   83   76
   69   64   60   58   57   56   56   55   53   51   49   48   49   52   57   64
   72   80   88   94   99  102  104  106  108  112  116  121  125  128  130  131
  131  132  133  135  137  140  144  146  148
    52.5-180.0 180.0   5.0 450.0                            LAT/LON1/LON2/DLON/H
  156  158  160  159  157  152  146  140  135  132  132  135  138  140  143  143
  142  141  139  136  132  128  123  119  114  111  107  104  100   94   88   81
   74   69   65   64   64   64   64   62   61   58   57   55   55   58   62   68
   74   82   89   96  101  106  109  111  115  121  127  132  136  139  140  140
  139  138  137  138  141  144  148  153  156
    50.0-180.0 180.0   5.0 450.0                            LAT/LON1/LON2/DLON/H
  162  167  171  174  174  173  167  160  153  147  143  142  143  144  145  146
  145  146  146  146  145  142  137  132  126  122  117  112  106  100   92   85
   78   74   72   72   72   73   73   72   70   68   66   64   64   65   69   73
   79   84   91   98  104  109  114  119  124  131  139  145  150  152  152  150
  147  144  142  142  143  146  150  156  162
    47.5-180.0 180.0   5.0 450.0                            LAT/LON1/LON2/DLON/H
  166  174  182  188  192  193  190  184  175  167  160  154  152  150  149  149
  150  152  155  158  159  157  152  146  140  133  127  121  113  104   95   87
   82   79   78   79   81   82   82   81   79   76   75   73   72   73   76   79
   82   87   93  100  107  114  120  127  135  144  153  160  164  166  164  160
  156  151  147  145  145  147  152  159  166
    45.0-180.0 180.0   5.0 450.0                            LAT/LON1/LON2/DLON/H
  171  181  190  199  206  211  212  207  199  190  180  172  165  161  158  156
  157  160  166  172  175  173  168  161  153  145  137  128  118  106   97   89
   85   84   85   87   89   90   90   88   85   83   81   80   80   81   82   85
   87   90   95  103  111  119  127  136  146  157  168  176  180  181  178  173
  167  161  156  152  151  152  155  162  171
    42.5-180.0 180.0   5.0 450.0                            LAT/LON1/LON2/DLON/H
  178  188  198  207  217  225  230  230  224  215  204  193  184  176  171  167
  167  171  179  187  191  190  184  175  165  156  145  134  122  109   98   91
   88   88   91   94   96   96   94   92   89   87   86   86   87   87   88   89
   90   93   98  105  114  124  134  145  158  171  183  192  196  196  193  187
  181  174  169  164  161  161  164  170  178
    40.0-180.0 180.0   5.0 450.0                            LAT/LON1/LON2/DLON/H
  190  198  207  215  224  235  245  250  248  241  229  217  205  195  186  180
  179  184  194  204  208  205  198  187  176  164  153  140  126  112  100   93
   91   93   96   99  100   99   96   94   92   91   91   92   93   93   93   93
   94   95   99  107  117  129  141  154  169  184  197  207  212  211  208  202
  196  191  186  181  178  177  179  183  190
    37.5-180.0 180.0   5.0 450.0                            LAT/LON1/LON2/DLON/H
  207  213  218  223  231  243  256  266  269  266  256  242  227  214  204  196
  194  200  211  221  224  220  209  196  183  170  158  145  130  116  104   97
   96   98  100  103  102  100   97   94   94   95   97   99   99   98   97   96
   95   96  100  107  119  131  145  161  177  194  208  218  223  223  220  216
  212  208  205  201  200  199  200  203  207
    35.0-180.0 180.0   5.0 450.0                            LAT/LON1/LON2/DLON/H
  229  231  232  233  239  251  267  281  289  289  281  266  249  234  222  213
  211  216  227  235  237  230  217  202  188  174  162  149  134  120  108  102
  101  102  104  104  102   99   96   95   97  102  106  107  106  104  101   98
   96   96   98  106  117  131  147  164  181  199  214  225  230  231  229  227
  226  224  223  223  223  223  224  226  229
    32.5-180.0 180.0   5.0 450.0                            LAT/LON1/LON2/DLON/H
  253  253  250  248  251  262  279  296  308  311  305  290  271  254  241  232
  229  233  241  248  246  236  221  205  190  177  165  152  139  125  114  107
  105  105  105  104  100   96   94   96  103  110  116  117  114  108  103   99
   96   94   95  101  112  128  144  162  181  199  214  225  231  233  234  234
  236  238  240  242  244  246  249  252  253
    30.0-180.0 180.0   5.0 450.0                            LAT/LON1/LON2/DLON/H
  276  275  271  267  268  277  293  311  326  332  328  313  293  275  261  252
  248  250  254  256  250  238  222  206  191  178  166  155  142  129  118  111
  108  106  104  100   96   92   92   99  109  120  127  127  121  112  105   99
   93   89   89   93  104  120  138  157  176  193  209  220  226  230  233  237
  242  247  252  257  261  267  272  275  276
    27.5-180.0 180.0   5.0 450.0                            LAT/LON1/LON2/DLON/H
  296  296  292  288  288  296  311  329  345  354  352  338  318  299  285  275
  269  266  265  261  251  237  221  205  191  178  167  156  145  132  121  113
  108  105  101   95   90   88   92  102  116  128  136  134  126  114  104   96
   90   84   81   83   93  110  129  149  167  185  200  211  219  224  230  238
  246  253  260  266  274  282  289  294  296
    25.0-180.0 180.0   5.0 450.0                            LAT/LON1/LON2/DLON/H
  313  315  314  312  312  319  332  349  366  377  378  366  346  328  313  302
  293  284  274  263  248  234  219  205  192  179  168  157  146  134  122  113
  106  101   96   90   86   85   92  106  121  134  140  137  127  113  102   93
   85   77   72   72   82   99  119  139  158  175  191  202  210  218  227  238
  249  258  266  274  283  293  303  309  313
    22.5-180.0 180.0   5.0 450.0                            LAT/LON1/LON2/DLON/H
  327  331  334  335  337  343  355  372  389  402  406  397  379  363  349  336
  320  302  282  262  244  230  219  207  195  182  169  157  146  134  122  111
  103   97   92   88   85   87   96  111  126  136  139  135  124  111   99   90
   81   72   64   62   71   88  110  130  150  168  183  196  206  215  227  240
  254  264  273  281  292  303  314  322  327
    20.0-180.0 180.0   5.0 450.0                            LAT/LON1/LON2/DLON/H
  340  347  354  359  362  367  380  396  413  427  434  429  416  401  389  373
  351  322  290  261  239  227  219  211  200  186  170  157  146  134  121  109
  101   95   92   91   91   96  106  120  131  136  135  129  119  108   96   87
   78   68   58   55   63   80  102  125  145  164  181  195  206  217  232  248
  262  273  281  290  301  314  325  334  340
    17.5-180.0 180.0   5.0 450.0                            LAT/LON1/LON2/DLON/H
  354  364  374  381  384  390  402  418  436  452  461  461  452  441  430  412
  382  342  298  260  235  224  221  217  206  190  171  157  146  134  121  110
  102   99   99  101  106  113  122  132  136  135  129  122  114  104   95   85
   77   66   56   52   58   76   98  121  144  164  183  199  212  224  241  259
  275  286  294  302  314  327  339  347  354
    15.0-180.0 180.0   5.0 450.0                            LAT/LON1/LON2/DLON/H
  372  382  395  403  405  410  421  438  456  473  484  487  484  477  468  447
  410  361  307  261  233  224  223  221  211  192  172  157  146  135  123  113
  108  108  112  120  128  136  144  148  145  136  126  118  111  103   94   85
   77   66   56   51   57   74   96  120  144  167  188  206  220  236  254  273
  289  300  308  317  330  344  356  364  372
    12.5-180.0 180.0   5.0 450.0                            LAT/LON1/LON2/DLON/H
  392  404  416  424  424  426  437  454  471  488  500  506  506  505  497  475
  433  376  315  264  234  225  226  224  213  193  171  156  146  138  128  121
  119  122  131  143  154  163  168  166  155  141  127  119  112  105   95   86
   77   68   58   52   58   74   96  121  147  171  194  214  231  248  267  286
  302  313  322  332  346  362  376  384  392
    10.0-180.0 180.0   5.0 450.0                            LAT/LON1/LON2/DLON/H
  415  427  438  443  441  439  447  462  479  496  509  516  519  521  515  491
  447  386  323  270  238  228  227  223  210  190  168  154  147  141  135  130
  131  138  150  165  178  187  189  183  167  149  133  123  116  108   97   87
   78   69   60   54   59   74   96  121  148  175  199  221  241  259  278  297
  312  323  332  344  360  378  393  405  415
     7.5-180.0 180.0   5.0 450.0                            LAT/LON1/LON2/DLON/H
  435  448  459  461  455  449  453  464  480  495  508  516  521  524  518  494
  450  391  328  277  245  232  226  218  203  183  164  152  146  143  140  139
  142  151  165  181  194  203  204  195  178  158  141  130  121  111   98   87
   77   68   60   55   60   73   94  120  148  175  201  225  246  265  285  303
  317  327  337  350  368  388  407  422  435
     5.0-180.0 180.0   5.0 450.0                            LAT/LON1/LON2/DLON/H
  451  467  476  476  467  458  455  461  474  488  500  507  512  514  508  484
  443  388  331  283  252  235  224  211  194  174  157  147  144  143  143  144
  148  158  172  187  199  206  208  200  184  165  148  136  125  112   98   84
   73   65   58   54   58   70   90  116  145  173  199  224  246  267  286  303
  316  325  335  349  369  391  413  433  451
     2.5-180.0 180.0   5.0 450.0                            LAT/LON1/LON2/DLON/H
  458  478  489  488  477  464  456  457  465  477  488  493  494  493  486  465
  428  380  330  287  257  236  219  202  183  164  149  141  139  139  140  142
  146  155  167  181  191  198  200  195  182  166  150  137  125  110   94   79
   68   61   55   51   54   65   84  110  138  167  193  218  242  262  282  298
  309  317  327  341  361  385  410  435  458
