igsg/igsg0340.17i
     1.0            IONOSPHERE MAPS     MIX                 IONEX VERSION / TYPE
cmpcmb v1.2          GRL/UWM            21-feb-17 15:51     PGM / RUN BY / DATE 
ionex file containing IGS COMBINED Ionosphere maps          COMMENT             
global ionosphere maps for day 034, 2017                    DESCRIPTION         
IONEX file containing the COMBINED IGS TEC MAPS and DCBs    DESCRIPTION         
      IONEX files of the following IAACs were combined: cod DESCRIPTION         
                                                        esa DESCRIPTION         
                                                        jpl DESCRIPTION         
Contact address: Andrzej Krankowski                         DESCRIPTION
                 Geodynamics Research Laboratory            DESCRIPTION
                 University of Warmia and Mazury (GRL/UWM)  DESCRIPTION
                 Oczapowski St. 1                           DESCRIPTION
                 10-957-Olsztyn, POLAND                     DESCRIPTION
                 e-mail:  kand@uwm.edu.pl                   DESCRIPTION
                                                            DESCRIPTION         
  2017     2     3     0     0     0                        EPOCH OF FIRST MAP  
  2017     2     4     0     0     0                        EPOCH OF LAST MAP   
  7200                                                      INTERVAL            
    13                                                      # OF MAPS IN FILE   
  COSZ                                                      MAPPING FUNCTION    
     0.0                                                    ELEVATION CUTOFF    
combined TEC calculated as weighted mean of input TEC valuesOBSERVABLES USED    
   368                                                      # OF STATIONS       
    32                                                      # OF SATELLITES     
  6371.0                                                    BASE RADIUS         
     2                                                      MAP DIMENSION       
   450.0 450.0   0.0                                        HGT1 / HGT2 / DHGT  
    87.5 -87.5  -2.5                                        LAT1 / LAT2 / DLAT  
  -180.0 180.0   5.0                                        LON1 / LON2 / DLON  
    -1                                                      EXPONENT            
TEC values in 0.1 tec units;  9999, if no value available   COMMENT             
DCB values in nanoseconds, reference is Sum_of_SatDCBs = 0  COMMENT             
                                                            END OF HEADER       
[from data line 858]
     3                                                      START OF TEC MAP    
  2017     2     3     4     0     0                        EPOCH OF CURRENT MAP
    87.5-180.0 180.0   5.0 450.0                            LAT/LON1/LON2/DLON/H
   39   39   39   39   39   39   39   39   39   39   38   38   38   37   37   37
   37   36   35   35   35   34   34   33   33   33   33   32   32   32   32   32
   32   32   32   32   32   32   32   33   33   33   33   33   34   34   34   34
   34   35   35   35   35   36   36   36   36   36   36   37   37   37   38   38
   38   38   38   38   38   38   39   39   39
    85.0-180.0 180.0   5.0 450.0                            LAT/LON1/LON2/DLON/H
   40   40   40   40   41   40   41   41   40   40   40   40   39   38   38   36
   36   35   34   33   32   31   30   29   28   28   27   27   27   27   27   27
   27   28   28   29   30   30   30   31   31   31   32   32   32   33   33   33
   33   33   34   34   34   35   35   36   36   36   37   37   38   38   38   39
   39   39   39   40   40   40   40   40   40
    82.5-180.0 180.0   5.0 450.0                            LAT/LON1/LON2/DLON/H
   39   39   39   39   40   40   40   41   41   41   41   40   39   39   37   36
   35   33   31   30   28   26   24   23   23   22   21   21   21   22   22   23
   24   25   26   27   29   30   31   31   32   32   33   32   33   33   33   33
   33   33   33   33   34   35   35   36   37   38   39   39   40   40   40   41
   41   41   41   40   40   40   40   39   39
    80.0-180.0 180.0   5.0 450.0                            LAT/LON1/LON2/DLON/H
   37   37   37   37   38   38   39   39   40   40   41   40   40   38   37   35
   33   31   28   26   24   22   21   20   19   19   19   19   19   19   19   20
   22   24   26   28   29   31   32   33   35   35   35   35   35   34   34   34
   34   34   34   34   35   36   38   39   41   42   43   44   44   45   46   45
   45   45   43   42   41   40   39   38   37
    77.5-180.0 180.0   5.0 450.0                            LAT/LON1/LON2/DLON/H
   36   35   34   34   34   35   36   37   38   38   39   39   38   37   36   33
   31   28   26   23   21   20   19   18   17   17   17   17   17   18   18   19
   22   24   27   29   31   33   35   37   37   38   38   37   36   36   36   35
   35   35   35   37   38   40   42   44   46   48   49   51   52   53   53   53
   52   51   49   47   45   42   40   38   36
    75.0-180.0 180.0   5.0 450.0                            LAT/LON1/LON2/DLON/H
   37   34   32   31   31   31   31   32   33   35   35   36   36   34   33   31
   29   27   24   22   20   19   18   17   16   16   16   17   17   18   19   22
   24   26   29   31   33   36   38   39   40   40   39   38   37   37   36   35
   36   36   38   40   42   45   48   51   53   56   58   60   61   62   62   62
   61   60   57   54   51   48   44   40   37
    72.5-180.0 180.0   5.0 450.0                            LAT/LON1/LON2/DLON/H
   40   36   33   30   28   28   28   29   30   31   31   32   32   32   30   29
   28   26   24   22   20   19   19   18   18   18   18   18   20   22   24   25
   27   29   32   34   36   37   39   39   40   40   39   38   37   35   35   35
   36   37   40   43   46   50   54   58   61   64   67   68   70   71   72   72
   71   70   67   64   60   55   50   45   40
    70.0-180.0 180.0   5.0 450.0                            LAT/LON1/LON2/DLON/H
   46   40   35   31   28   26   25   25   25   26   27   28   28   28   27   27
   26   26   25   24   23   22   22   22   22   23   24   25   26   27   28   29
   30   32   33   34   36   37   38   38   38   37   36   34   33   32   32   32
   34   37   41   45   50   55   60   64   67   70   73   75   77   78   80   80
   80   79   77   74   70   64   58   52   46
    67.5-180.0 180.0   5.0 450.0                            LAT/LON1/LON2/DLON/H
   53   45   39   33   29   26   24   23   23   23   23   24   24   25   25   25
   26   26   27   26   27   26   27   27   28   29   30   31   31   32   33   33
   33   33   33   33   34   34   35   34   34   33   31   30   28   27   28   29
   32   37   42   48   53   59   64   68   71   74   76   78   80   82   83   85
   86   85   84   82   78   73   67   60   53
    65.0-180.0 180.0   5.0 450.0                            LAT/LON1/LON2/DLON/H
   59   51   44   37   31   28   25   23   22   21   21   21   22   22   23   24
   26   27   28   29   30   30   31   31   32   33   33   34   35   35   34   34
   33   31   30   30   29   29   30   29   29   28   27   24   23   23   24   26
   31   37   43   50   56   62   67   71   74   76   77   79   80   82   84   86
   87   89   88   87   84   80   74   67   59
    62.5-180.0 180.0   5.0 450.0                            LAT/LON1/LON2/DLON/H
   65   57   49   41   35   30   26   24   22   21   20   20   20   20   22   24
   25   28   29   30   31   32   32   33   33   34   35   35   35   35   35   33
   31   29   27   26   24   24   24   24   24   23   22   20   19   19   21   26
   31   38   45   52   59   64   69   72   75   76   77   78   79   81   82   85
   86   88   89   89   88   84   80   73   65
    60.0-180.0 180.0   5.0 450.0                            LAT/LON1/LON2/DLON/H
   71   62   54   46   39   33   29   26   23   22   21   20   20   20   21   23
   25   27   29   30   30   31   31   31   32   32   33   33   33   33   32   31
   28   25   23   21   19   19   19   20   20   20   19   18   17   18   21   26
   32   40   48   56   62   67   71   74   76   78   78   79   80   82   83   84
   86   87   88   89   89   87   84   78   71
    57.5-180.0 180.0   5.0 450.0                            LAT/LON1/LON2/DLON/H
   76   67   59   50   43   37   31   28   25   24   22   21   20   20   21   22
   24   26   28   29   28   28   27   28   28   28   30   30   30   30   29   28
   25   22   20   18   16   16   17   18   19   19   19   19   18   20   23   29
   36   45   53   61   67   72   76   79   81   82   83   84   85   86   86   87
   87   88   89   90   90   89   87   82   76
    55.0-180.0 180.0   5.0 450.0                            LAT/LON1/LON2/DLON/H
   81   73   65   56   48   41   35   31   28   26   25   23   21   21   21   22
   24   25   26   26   25   24   23   23   24   25   26   27   28   27   27   26
   24   21   19   17   16   16   17   19   21   22   22   21   22   24   27   34
   42   52   60   68   74   80   83   87   89   91   93   95   96   96   96   94
   93   92   93   93   94   93   91   87   81
    52.5-180.0 180.0   5.0 450.0                            LAT/LON1/LON2/DLON/H
   87   80   71   62   54   46   40   35   31   29   27   25   23   22   22   22
   23   24   24   23   21   20   19   20   21   23   24   26   27   27   27   26
   25   23   20   19   18   19   20   22   24   25   26   26   27   29   34   41
   50   60   69   77   84   89   94   98  101  104  107  110  110  110  108  105
  103  101   99   99   99   99   97   93   87
    50.0-180.0 180.0   5.0 450.0                            LAT/LON1/LON2/DLON/H
   95   88   79   70   61   52   45   39   35   33   31   29   26   24   22   22
   23   23   23   21   20   18   18   19   21   23   26   28   29   30   29   29
   27   26   25   23   23   24   25   27   29   30   31   31   32   36   41   49
   59   69   79   87   94  101  106  111  115  118  122  124  126  124  122  118
  114  111  109  108  107  106  104  100   95
    47.5-180.0 180.0   5.0 450.0                            LAT/LON1/LON2/DLON/H
  103   95   88   79   69   60   52   45   41   38   35   33   30   27   24   23
   23   24   24   22   20   19   19   21   24   28   31   34   35   35   34   33
   32   31   30   30   30   30   31   32   34   35   36   37   39   42   49   58
   69   79   88   97  105  112  118  123  127  131  134  136  136  135  131  127
  122  119  116  115  114  113  111  108  103
    45.0-180.0 180.0   5.0 450.0                            LAT/LON1/LON2/DLON/H
  108  102   95   86   78   68   59   52   47   44   42   39   35   32   28   27
   26   26   26   24   23   22   23   26   30   35   39   41   42   41   40   38
   37   37   36   36   36   36   36   37   38   39   40   42   44   49   57   67
   77   88   98  107  115  122  129  133  137  139  140  141  140  137  134  130
  126  124  122  121  120  118  116  113  108
    42.5-180.0 180.0   5.0 450.0                            LAT/LON1/LON2/DLON/H
  111  106  100   94   85   76   67   60   54   51   49   47   43   38   34   31
   31   31   31   30   29   28   30   33   38   44   48   50   50   48   46   44
   43   43   43   42   42   41   41   41   42   43   44   46   49   56   64   75
   85   96  106  114  123  130  137  141  143  142  141  138  134  131  128  125
  124  123  123  122  121  120  118  115  111
    40.0-180.0 180.0   5.0 450.0                            LAT/LON1/LON2/DLON/H
  110  106  102   97   91   83   74   66   61   59   58   56   52   46   41   38
   37   38   38   37   36   36   38   42   47   53   57   58   57   55   51   49
   48   48   48   46   46   44   44   44   44   45   47   49   54   61   70   81
   93  103  112  120  128  136  142  146  146  143  137  131  125  121  118  117
  118  119  120  120  120  118  115  112  110
    37.5-180.0 180.0   5.0 450.0                            LAT/LON1/LON2/DLON/H
  105  103  100   97   93   86   78   71   66   65   66   66   61   55   49   46
   45   46   46   45   44   44   46   50   56   61   64   65   63   60   56   53
   53   52   51   50   48   46   46   46   46   48   50   53   58   66   76   87
   98  108  117  124  132  140  147  150  149  143  135  127  120  115  112  112
  113  116  118  118  117  114  111  107  105
    35.0-180.0 180.0   5.0 450.0                            LAT/LON1/LON2/DLON/H
   99   96   95   93   91   87   80   73   70   71   73   74   70   64   58   54
   53   54   54   54   53   53   54   58   63   67   69   69   66   63   59   57
   56   55   54   52   49   47   47   47   48   50   53   55   62   70   80   92
  102  112  120  128  136  144  152  156  154  148  140  131  124  119  116  116
  117  120  122  121  118  114  109  103   99
    32.5-180.0 180.0   5.0 450.0                            LAT/LON1/LON2/DLON/H
   98   92   89   88   88   85   80   73   71   73   77   80   78   72   66   62
   61   62   62   61   61   60   62   66   69   71   71   70   68   65   61   60
   59   58   56   53   50   48   48   48   50   52   54   59   65   74   84   95
  105  115  123  131  140  150  159  164  165  161  155  150  145  141  137  135
  135  136  135  134  128  121  113  105   98
    30.0-180.0 180.0   5.0 450.0                            LAT/LON1/LON2/DLON/H
  105   95   88   85   84   82   78   72   69   73   79   83   82   77   72   69
   68   68   69   68   67   68   69   71   73   74   73   70   68   65   63   63
   62   60   58   54   50   48   48   49   51   54   56   60   67   77   87   98
  108  118  126  136  146  158  170  178  182  183  182  183  183  181  177  171
  167  164  162  157  150  141  130  117  105
    27.5-180.0 180.0   5.0 450.0                            LAT/LON1/LON2/DLON/H
  123  106   94   87   85   82   78   71   68   70   77   81   81   79   75   74
   74   74   74   73   73   74   75   76   77   76   73   70   68   66   65   65
   64   62   58   54   50   48   48   49   51   54   57   62   68   78   89  100
  111  121  131  142  155  169  184  197  205  212  218  225  231  232  227  219
  210  203  198  192  184  173  160  142  123
    25.0-180.0 180.0   5.0 450.0                            LAT/LON1/LON2/DLON/H
  154  129  110   97   91   87   81   73   67   68   73   77   78   77   76   77
   77   78   78   78   78   79   80   81   80   76   73   70   68   68   67   67
   66   63   58   53   49   47   47   49   50   53   56   61   69   79   91  102
  114  126  138  152  167  184  202  218  232  244  256  271  282  285  279  268
  256  245  239  232  225  215  200  179  154
    22.5-180.0 180.0   5.0 450.0                            LAT/LON1/LON2/DLON/H
  193  162  135  116  105   98   90   80   71   68   70   73   73   74   76   78
   79   80   80   80   81   82   83   83   80   76   72   70   69   70   70   69
   66   62   57   51   47   45   46   47   48   50   53   59   68   80   93  105
  118  131  147  163  182  201  221  241  258  274  292  311  326  329  323  310
  295  283  276  270  265  258  244  222  193
    20.0-180.0 180.0   5.0 450.0                            LAT/LON1/LON2/DLON/H
  233  199  167  143  127  117  107   93   80   72   70   70   70   71   75   78
   81   81   81   81   82   83   84   83   80   75   72   70   70   71   71   70
   67   61   55   50   45   43   43   44   45   46   49   56   67   80   94  108
  123  139  158  177  198  219  241  262  281  299  318  338  353  357  349  336
  321  309  302  299  297  293  284  263  233
    17.5-180.0 180.0   5.0 450.0                            LAT/LON1/LON2/DLON/H
  268  234  200  173  154  142  129  112   95   82   75   71   69   70   74   79
   82   82   82   81   81   83   83   82   78   74   70   71   73   74   73   70
   66   60   53   48   44   41   40   40   40   41   45   54   67   81   97  112
  129  149  170  192  214  235  257  278  297  314  332  350  362  364  356  343
  329  318  313  312  314  316  311  295  268
    15.0-180.0 180.0   5.0 450.0                            LAT/LON1/LON2/DLON/H
  292  262  230  203  183  169  155  136  114   98   87   79   74   73   77   81
   83   83   82   81   81   81   81   79   76   73   71   73   76   78   75   71
   65   59   53   47   43   39   37   36   35   37   42   52   66   83  100  117
  136  158  180  204  227  247  268  287  304  319  332  345  353  353  345  334
  323  314  311  311  315  321  322  313  292
    12.5-180.0 180.0   5.0 450.0                            LAT/LON1/LON2/DLON/H
  303  280  254  230  211  197  181  160  136  116  103   93   85   81   82   85
   85   84   83   81   80   79   79   77   75   73   73   77   80   81   78   72
   65   59   53   48   43   39   35   33   31   33   39   51   68   86  104  123
  143  165  189  213  234  254  272  288  302  312  321  328  332  330  324  315
  308  302  300  300  305  312  318  316  303
    10.0-180.0 180.0   5.0 450.0                            LAT/LON1/LON2/DLON/H
  303  288  269  250  235  221  205  183  158  137  123  110  101   93   91   90
   88   86   84   81   80   79   78   77   77   77   78   82   86   86   81   74
   67   61   55   50   44   39   34   31   29   31   38   52   69   89  108  128
  148  170  194  217  236  253  267  281  292  298  301  304  304  303  300  297
  293  290  288  288  291  299  306  309  303
     7.5-180.0 180.0   5.0 450.0                            LAT/LON1/LON2/DLON/H
  299  292  279  266  254  240  224  201  177  156  141  130  117  108  101   96
   92   89   85   83   80   79   79   80   81   83   86   90   93   91   84   76
   69   62   57   52   46   40   34   30   29   31   39   53   72   92  112  131
  150  172  194  214  231  244  257  268  276  279  279  279  279  280  282  285
  287  287  284  282  282  287  295  301  299
     5.0-180.0 180.0   5.0 450.0                            LAT/LON1/LON2/DLON/H
  297  294  287  279  269  255  238  215  191  172  158  147  135  122  111  103
   97   92   89   85   82   81   82   85   88   92   95   98   99   95   86   78
   70   65   60   54   48   41   35   31   30   32   41   56   75   95  114  132
  150  170  190  207  221  232  243  253  260  262  261  260  262  268  276  285
  293  295  292  288  287  288  293  297  297
     2.5-180.0 180.0   5.0 450.0                            LAT/LON1/LON2/DLON/H
  304  300  295  289  280  267  247  224  201  184  173  162  149  134  120  109
  101   96   91   87   85   84   87   90   95  100  104  105  103   97   88   78
   71   65   60   55   49   42   36   33   32   35   44   60   78   97  115  131
  148  165  182  196  208  217  227  238  245  249  250  252  258  269  284  299
  312  316  313  308  304  303  304  304  304
