igsg/igsg1290.16i
     1.0            IONOSPHERE MAPS     MIX                 IONEX VERSION / TYPE
cmpcmb v1.2          GRL/UWM            27-may-16 13:30     PGM / RUN BY / DATE 
ionex file containing IGS COMBINED Ionosphere maps          COMMENT             
global ionosphere maps for day 129, 2016                    DESCRIPTION         
IONEX file containing the COMBINED IGS TEC MAPS and DCBs    DESCRIPTION         
      IONEX files of the following IAACs were combined: cod DESCRIPTION         
                                                        jpl DESCRIPTION         
Contact address: Andrzej Krankowski                         DESCRIPTION
                 Geodynamics Research Laboratory            DESCRIPTION
                 University of Warmia and Mazury (GRL/UWM)  DESCRIPTION
                 Oczapowski St. 1                           DESCRIPTION
                 10-957-Olsztyn, POLAND                     DESCRIPTION
                 e-mail:  kand@uwm.edu.pl                   DESCRIPTION
                                                            DESCRIPTION         
  2016     5     8     0     0     0                        EPOCH OF FIRST MAP  
  2016     5     9     0     0     0                        EPOCH OF LAST MAP   
  7200                                                      INTERVAL            
    13                                                      # OF MAPS IN FILE   
  COSZ                                                      MAPPING FUNCTION    
     0.0                                                    ELEVATION CUTOFF    
combined TEC calculated as weighted mean of input TEC valuesOBSERVABLES USED    
   312                                                      # OF STATIONS       
    32                                                      # OF SATELLITES     
  6371.0                                                    BASE RADIUS         
     2                                                      MAP DIMENSION       
   450.0 450.0   0.0                                        HGT1 / HGT2 / DHGT  
    87.5 -87.5  -2.5                                        LAT1 / LAT2 / DLAT  
  -180.0 180.0   5.0                                        LON1 / LON2 / DLON  
    -1                                                      EXPONENT            
TEC values in 0.1 tec units;  9999, if no value available   COMMENT             
DCB values in nanoseconds, reference is Sum_of_SatDCBs = 0  COMMENT             
                                                            END OF HEADER       
[from data line 1287]
     4                                                      START OF TEC MAP    
  2016     5     8     6     0     0                        EPOCH OF CURRENT MAP
    87.5-180.0 180.0   5.0 450.0                            LAT/LON1/LON2/DLON/H
  118  119  120  121  122  123  125  125  127  127  128  129  129  130  131  131
  131  131  131  131  131  131  131  130  130  130  129  129  128  128  128  127
  127  126  126  125  125  124  124  124  124  123  123  122  122  122  121  121
  121  120  120  119  118  118  117  117  116  116  115  115  115  114  114  114
  114  114  114  115  115  116  116  118  118
    85.0-180.0 180.0   5.0 450.0                            LAT/LON1/LON2/DLON/H
  107  110  112  115  117  120  122  125  127  129  130  132  133  134  135  135
  135  135  135  134  133  133  132  131  129  128  127  126  125  123  123  121
  121  120  119  119  119  119  118  118  118  118  119  119  119  119  119  118
  118  118  117  116  115  114  113  111  110  108  107  105  104  102  101  100
  100  100   99  100  101  102  103  105  107
    82.5-180.0 180.0   5.0 450.0                            LAT/LON1/LON2/DLON/H
   93   96  100  105  109  113  117  121  125  128  130  132  133  135  135  135
  135  134  133  132  130  129  126  125  123  120  119  116  115  113  111  110
  109  108  107  108  107  108  108  109  110  112  112  114  115  116  117  117
  118  118  117  116  116  114  113  110  108  105  102   99   97   93   91   88
   87   85   84   84   84   86   87   90   93
    80.0-180.0 180.0   5.0 450.0                            LAT/LON1/LON2/DLON/H
   78   82   87   93   99  105  110  116  120  124  127  129  130  130  130  129
  128  127  125  123  121  119  117  114  112  109  106  104  101   99   98   96
   95   95   95   96   96   97   98  100  102  104  106  108  110  112  114  116
  118  119  119  120  119  119  117  115  112  109  105  101   96   91   87   82
   78   75   72   70   70   70   72   74   78
    77.5-180.0 180.0   5.0 450.0                            LAT/LON1/LON2/DLON/H
   65   70   75   83   89   97  104  110  115  119  122  123  123  123  121  119
  117  115  112  110  108  106  104  101   98   96   93   91   88   86   85   84
   84   84   85   86   88   90   91   93   96   98  100  103  105  108  111  114
  117  119  122  123  125  125  125  125  123  120  116  111  105   98   91   85
   78   72   67   63   61   59   60   62   65
    75.0-180.0 180.0   5.0 450.0                            LAT/LON1/LON2/DLON/H
   57   61   67   74   82   90   98  105  111  115  117  117  116  114  110  107
  103  100   97   95   93   92   90   88   87   84   82   79   77   75   74   74
   75   76   79   81   84   86   88   90   92   94   96   98  101  104  107  110
  114  118  123  127  131  134  136  138  138  136  133  128  122  114  106   97
   88   79   72   65   60   56   54   55   57
    72.5-180.0 180.0   5.0 450.0                            LAT/LON1/LON2/DLON/H
   55   58   63   70   78   87   95  102  108  112  114  113  111  106  101   96
   91   87   84   82   81   80   80   79   78   77   75   72   70   68   68   68
   70   73   76   80   83   86   89   90   92   92   93   94   96   98  102  106
  111  116  123  129  136  142  148  152  155  155  153  149  142  135  125  115
  105   95   85   76   68   62   57   55   55
    70.0-180.0 180.0   5.0 450.0                            LAT/LON1/LON2/DLON/H
   61   61   63   69   76   85   94  102  108  112  113  112  108  102   96   89
   82   77   74   72   72   73   73   74   74   73   72   70   69   67   66   67
   69   72   76   80   84   88   90   91   92   91   91   91   92   94   96  101
  107  114  123  132  141  150  159  166  171  174  173  170  164  156  147  137
  126  115  105   95   85   76   69   63   61
    67.5-180.0 180.0   5.0 450.0                            LAT/LON1/LON2/DLON/H
   73   69   69   71   78   86   94  102  107  112  113  112  108  102   95   88
   80   74   70   68   69   70   72   73   74   74   74   73   72   70   70   70
   71   74   78   82   86   89   91   91   91   90   89   88   88   90   93   99
  106  115  126  137  149  160  171  180  187  190  190  187  182  174  167  157
  148  139  129  119  109   98   88   79   73
    65.0-180.0 180.0   5.0 450.0                            LAT/LON1/LON2/DLON/H
   91   83   78   78   82   87   95  101  106  110  112  112  110  105   99   91
   83   77   72   71   71   73   75   77   78   78   78   78   77   76   75   74
   75   77   80   83   86   89   89   90   89   88   86   86   86   88   93  100
  110  122  134  148  161  174  186  196  202  205  205  201  195  188  181  175
  169  162  155  147  138  127  114  102   91
    62.5-180.0 180.0   5.0 450.0                            LAT/LON1/LON2/DLON/H
  115  102   93   88   88   91   95   98  102  105  108  110  111  108  104   98
   90   84   79   77   77   78   79   81   82   82   82   82   81   81   79   79
   79   79   81   83   84   86   87   87   86   86   85   86   87   92   98  109
  121  135  150  166  180  194  205  213  219  220  218  212  205  199  193  190
  187  184  181  176  169  159  145  130  115
    60.0-180.0 180.0   5.0 450.0                            LAT/LON1/LON2/DLON/H
  144  126  112  104   99   98   97   96   96   97  100  104  108  110  108  104
   98   92   87   84   83   83   84   84   83   82   82   82   82   82   82   81
   80   80   80   81   81   82   82   83   84   85   87   89   93  100  111  124
  140  157  174  191  206  218  228  235  239  237  232  225  216  208  204  202
  202  203  204  204  200  192  179  162  144
    57.5-180.0 180.0   5.0 450.0                            LAT/LON1/LON2/DLON/H
  175  154  137  124  115  108  102   96   91   88   90   95  102  107  109  108
  105   99   94   90   88   87   86   84   82   80   78   78   78   79   79   79
   78   78   78   78   78   78   80   81   84   87   91   96  104  115  129  146
  166  185  204  221  236  248  257  262  263  259  251  241  230  221  215  213
  215  219  223  227  227  222  211  194  175
    55.0-180.0 180.0   5.0 450.0                            LAT/LON1/LON2/DLON/H
  204  183  164  148  136  126  114  101   89   81   80   85   94  102  107  109
  106  103   97   93   89   86   84   80   76   72   70   69   70   71   73   74
   74   75   75   75   76   77   79   82   87   93  100  110  121  136  154  174
  196  218  238  255  270  281  289  293  292  287  277  263  250  238  230  226
  226  230  237  243  247  245  237  223  204
    52.5-180.0 180.0   5.0 450.0                            LAT/LON1/LON2/DLON/H
  228  209  191  175  162  149  133  114   95   81   75   78   85   95  102  106
  106  102   96   91   87   84   79   74   69   64   59   59   59   61   64   67
   70   71   73   75   77   79   83   88   95  104  115  127  143  161  183  206
  229  252  273  289  303  314  321  324  323  317  306  291  275  260  249  241
  238  238  243  250  256  259  255  244  228
    50.0-180.0 180.0   5.0 450.0                            LAT/LON1/LON2/DLON/H
  245  230  216  202  190  177  158  135  109   88   77   75   81   88   96  100
  101   98   93   88   83   78   73   67   60   54   51   49   49   52   56   60
   65   69   73   77   82   86   91   98  107  118  133  150  169  190  214  239
  263  285  304  320  333  342  349  353  352  346  335  320  303  286  271  259
  249  245  246  251  258  262  262  256  245
    47.5-180.0 180.0   5.0 450.0                            LAT/LON1/LON2/DLON/H
  254  245  236  227  218  206  186  159  129  103   87   80   81   85   90   94
   95   92   88   81   77   72   67   61   54   49   45   43   43   45   50   55
   61   68   75   82   89   95  103  112  123  137  154  174  196  220  246  270
  294  314  331  344  355  363  370  374  374  369  360  346  331  314  296  279
  264  253  248  249  254  259  262  260  254
    45.0-180.0 180.0   5.0 450.0                            LAT/LON1/LON2/DLON/H
  258  255  251  247  241  231  212  184  152  123  102   91   86   86   87   88
   88   86   81   76   71   66   62   57   51   47   44   42   41   43   47   52
   60   69   79   89   98  107  117  128  140  157  176  199  223  248  273  297
  318  335  349  360  368  374  380  384  386  383  377  367  354  340  322  303
  283  266  254  250  251  255  258  260  258
    42.5-180.0 180.0   5.0 450.0                            LAT/LON1/LON2/DLON/H
  261  262  262  261  257  248  231  204  173  145  122  107   97   90   87   85
   84   81   77   71   65   61   59   56   52   49   47   46   45   44   47   53
   61   72   84   96  108  119  131  145  159  176  197  220  246  271  295  316
  333  347  358  366  371  375  379  383  387  388  386  381  374  364  349  330
  307  285  268  258  254  255  258  260  261
    40.0-180.0 180.0   5.0 450.0                            LAT/LON1/LON2/DLON/H
  266  268  270  270  266  257  242  218  190  165  144  126  111  100   91   86
   83   80   75   69   63   59   58   57   55   54   54   53   51   50   51   55
   65   77   90  103  117  131  145  160  176  194  215  238  263  287  308  325
  339  350  359  364  367  369  373  378  384  388  391  392  392  388  378  361
  338  314  293  278  269  265  264  265  266
    37.5-180.0 180.0   5.0 450.0                            LAT/LON1/LON2/DLON/H
  277  278  278  276  270  260  245  225  203  182  163  145  128  111   99   91
   87   83   77   69   63   59   59   59   60   61   61   60   59   56   56   60
   70   82   96  109  123  139  155  172  190  208  229  250  272  293  311  326
  337  346  354  359  361  363  367  374  383  391  399  407  413  416  411  397
  376  351  327  309  296  287  282  278  277
    35.0-180.0 180.0   5.0 450.0                            LAT/LON1/LON2/DLON/H
  294  292  288  282  271  258  244  228  211  195  180  163  145  125  110  101
   95   91   83   74   67   63   63   64   67   68   68   67   65   63   63   67
   76   87  100  114  128  144  162  181  200  218  237  256  275  293  308  319
  329  338  347  355  359  363  369  380  392  405  417  430  442  449  449  438
  419  394  370  350  333  320  309  300  294
    32.5-180.0 180.0   5.0 450.0                            LAT/LON1/LON2/DLON/H
  319  311  302  291  275  260  244  231  219  208  195  180  160  140  124  114
  109  104   95   83   74   70   70   71   74   74   73   72   71   69   70   74
   82   93  104  116  130  146  166  187  206  224  239  256  272  287  300  310
  320  331  344  355  364  374  385  400  417  434  450  466  481  491  492  484
  465  442  419  398  379  361  345  330  319
    30.0-180.0 180.0   5.0 450.0                            LAT/LON1/LON2/DLON/H
  348  335  321  304  285  267  252  239  229  220  211  195  175  156  141  131
  125  119  109   96   86   81   81   81   83   82   79   77   75   75   76   80
   87   97  106  117  129  146  166  188  207  224  239  252  265  279  291  302
  313  327  345  363  379  397  415  435  455  476  494  512  527  537  539  531
  514  492  470  450  429  407  385  365  348
    27.5-180.0 180.0   5.0 450.0                            LAT/LON1/LON2/DLON/H
  381  362  344  324  302  283  268  256  246  237  226  211  192  174  159  149
  142  135  123  111  101   95   93   93   93   90   84   80   79   79   81   85
   91   98  106  116  127  144  164  186  205  222  235  246  258  271  283  295
  310  328  351  375  400  426  450  475  499  521  541  559  573  583  584  575
  559  539  519  500  479  454  428  402  381
    25.0-180.0 180.0   5.0 450.0                            LAT/LON1/LON2/DLON/H
  413  391  370  347  327  309  295  283  271  259  245  229  210  192  178  168
  160  151  138  124  115  110  107  106  104   98   90   84   81   81   84   87
   91   96  103  112  124  140  160  181  200  217  229  240  251  264  278  292
  310  333  359  390  422  454  484  511  536  559  580  597  610  618  618  610
  595  577  560  543  523  497  468  439  413
    22.5-180.0 180.0   5.0 450.0                            LAT/LON1/LON2/DLON/H
  444  418  394  372  355  341  329  317  301  285  267  249  230  213  199  187
  176  163  149  136  128  124  121  118  114  106   96   88   84   83   84   86
   88   91   98  108  120  136  154  174  193  210  222  233  244  259  275  292
  313  338  369  404  440  475  506  532  556  578  599  617  629  636  636  629
  617  603  589  575  555  531  502  472  444
    20.0-180.0 180.0   5.0 450.0                            LAT/LON1/LON2/DLON/H
  468  440  414  394  382  375  367  353  334  312  291  271  252  235  220  206
  191  174  157  144  138  135  132  128  122  113  102   92   86   83   82   81
   82   84   91  102  116  132  149  166  185  202  215  227  240  255  273  293
  316  343  376  413  450  483  510  532  552  573  594  612  624  631  633  630
  622  613  603  591  574  552  525  497  468
    17.5-180.0 180.0   5.0 450.0                            LAT/LON1/LON2/DLON/H
  484  454  427  409  403  402  398  386  364  338  314  293  274  258  241  224
  204  182  162  149  144  143  139  134  127  117  106   95   87   81   78   75
   74   76   84   96  111  127  142  158  176  193  208  221  236  253  273  294
  318  347  380  416  451  480  499  513  527  547  569  587  600  609  613  614
  612  608  600  591  576  558  537  512  484
    15.0-180.0 180.0   5.0 450.0                            LAT/LON1/LON2/DLON/H
  491  460  430  414  412  417  417  406  383  356  331  311  294  278  260  239
  215  189  165  151  147  146  142  136  128  118  107   97   87   79   72   68
   66   68   76   91  107  123  137  151  168  186  203  217  233  251  272  294
  319  348  381  416  447  467  477  483  492  510  532  552  565  575  583  590
  594  594  589  578  565  552  537  518  491
    12.5-180.0 180.0   5.0 450.0                            LAT/LON1/LON2/DLON/H
  491  458  426  408  408  416  419  408  386  360  338  322  308  293  274  252
  225  195  168  152  147  145  142  135  126  117  107   96   85   74   67   61
   58   61   70   86  103  118  132  145  162  181  199  215  231  249  270  293
  317  346  380  414  439  451  453  452  458  474  495  515  529  541  552  565
  574  578  573  562  549  540  531  517  491
    10.0-180.0 180.0   5.0 450.0                            LAT/LON1/LON2/DLON/H
  490  453  417  395  393  399  402  392  371  347  332  323  313  301  283  260
  232  201  172  153  145  142  138  131  122  113  103   94   82   71   62   56
   53   56   66   82  100  115  128  141  158  178  197  214  229  247  267  289
  314  344  378  411  433  439  434  431  437  451  470  488  503  516  531  547
  561  567  561  547  534  527  523  514  490
     7.5-180.0 180.0   5.0 450.0                            LAT/LON1/LON2/DLON/H
  490  451  409  382  373  374  373  361  339  320  312  311  308  299  284  263
  236  206  176  154  143  138  135  127  117  107   99   90   79   68   59   52
   50   53   63   79   97  112  126  140  157  178  197  214  228  244  263  284
  309  340  376  410  430  432  426  425  433  447  462  477  491  504  521  541
  559  566  558  540  525  520  519  512  490
     5.0-180.0 180.0   5.0 450.0                            LAT/LON1/LON2/DLON/H
  494  455  411  378  361  352  341  323  298  282  283  291  294  288  276  258
  236  209  180  156  141  135  131  124  113  102   94   86   76   66   58   52
   50   52   62   77   94  110  124  139  158  178  198  214  227  240  257  277
  303  336  375  411  432  434  429  433  445  459  470  481  492  505  522  544
  564  571  562  542  526  520  521  516  494
     2.5-180.0 180.0   5.0 450.0                            LAT/LON1/LON2/DLON/H
  504  467  425  391  366  345  322  292  261  244  249  264  272  269  260  247
  230  208  183  159  142  135  130  123  110   99   91   83   75   65   58   53
   51   54   62   76   92  108  123  140  159  179  198  214  225  237  251  269
  296  331  373  413  436  441  439  449  467  481  489  497  504  513  528  549
  569  576  566  547  530  525  526  523  504
