igsg/igsg0340.17i
     1.0            IONOSPHERE MAPS     MIX                 IONEX VERSION / TYPE
cmpcmb v1.2          GRL/UWM            21-feb-17 15:51     PGM / RUN BY / DATE 
ionex file containing IGS COMBINED Ionosphere maps          COMMENT             
global ionosphere maps for day 034, 2017                    DESCRIPTION         
IONEX file containing the COMBINED IGS TEC MAPS and DCBs    DESCRIPTION         
      IONEX files of the following IAACs were combined: cod DESCRIPTION         
                                                        esa DESCRIPTION         
                                                        jpl DESCRIPTION         
Contact address: Andrzej Krankowski                         DESCRIPTION
                 Geodynamics Research Laboratory            DESCRIPTION
                 University of Warmia and Mazury (GRL/UWM)  DESCRIPTION
                 Oczapowski St. 1                           DESCRIPTION
                 10-957-Olsztyn, POLAND                     DESCRIPTION
                 e-mail:  kand@uwm.edu.pl                   DESCRIPTION
                                                            DESCRIPTION         
  2017     2     3     0     0     0                        EPOCH OF FIRST MAP  
  2017     2     4     0     0     0                        EPOCH OF LAST MAP   
  7200                                                      INTERVAL            
    13                                                      # OF MAPS IN FILE   
  COSZ                                                      MAPPING FUNCTION    
     0.0                                                    ELEVATION CUTOFF    
combined TEC calculated as weighted mean of input TEC valuesOBSERVABLES USED    
   368                                                      # OF STATIONS       
    32                                                      # OF SATELLITES     
  6371.0                                                    BASE RADIUS         
     2                                                      MAP DIMENSION       
   450.0 450.0   0.0                                        HGT1 / HGT2 / DHGT  
    87.5 -87.5  -2.5                                        LAT1 / LAT2 / DLAT  
  -180.0 180.0   5.0                                        LON1 / LON2 / DLON  
    -1                                                      EXPONENT            
TEC values in 0.1 tec units;  9999, if no value available   COMMENT             
DCB values in nanoseconds, reference is Sum_of_SatDCBs = 0  COMMENT             
                                                            END OF HEADER       
     1                                                      START OF TEC MAP    
  2017     2     3     0     0     0                        EPOCH OF CURRENT MAP
    87.5-180.0 180.0   5.0 450.0                            LAT/LON1/LON2/DLON/H
   32   33   32   32   32   32   32   32   32   32   31   31   30   30   30   29
   29   28   28   27   27   27   26   26   26   25   25   25   25   24   24   25
   25   25   25   25   25   25   25   26   26   26   26   26   27   27   27   27
   27   28   28   28   28   29   29   29   29   29   30   30   30   30   30   31
   31   31   31   31   31   31   32   32   32
    85.0-180.0 180.0   5.0 450.0                            LAT/LON1/LON2/DLON/H
   36   36   37   37   37   38   37   37   37   36   36   35   34   33   32   31
   30   29   28   27   26   25   24   24   23   22   21   21   21   21   21   21
   21   21   22   22   22   23   23   24   24   25   25   26   26   27   27   27
   28   28   29   29   29   29   29   30   30   30   30   31   31   31   31   31
   32   32   33   33   34   34   35   36   36
    82.5-180.0 180.0   5.0 450.0                            LAT/LON1/LON2/DLON/H
   40   40   42   42   43   43   42   43   42   42   40   39   38   36   35   33
   31   29   28   26   25   23   22   21   20   20   19   19   19   19   19   19
   19   20   21   21   22   22   23   24   24   25   25   26   27   27   28   29
   29   29   30   30   31   31   31   31   31   30   31   30   31   31   30   31
   32   32   33   33   35   36   37   38   40
    80.0-180.0 180.0   5.0 450.0                            LAT/LON1/LON2/DLON/H
   42   44   45   46   48   48   48   48   48   46   45   43   41   39   37   35
   32   30   28   26   24   23   21   20   19   18   18   18   18   18   19   19
   20   21   22   23   23   24   25   26   26   26   27   27   28   29   29   30
   31   31   32   32   32   32   32   32   31   31   31   30   30   29   29   29
   30   31   32   33   34   36   38   40   42
    77.5-180.0 180.0   5.0 450.0                            LAT/LON1/LON2/DLON/H
   45   47   50   51   53   53   54   53   52   51   49   47   44   42   39   36
   33   31   28   26   24   23   21   20   19   19   18   19   19   19   20   21
   22   23   25   26   26   27   27   27   27   27   28   28   28   29   29   31
   32   32   33   33   34   34   34   33   33   32   31   30   29   28   27   28
   28   29   30   32   34   37   39   42   45
    75.0-180.0 180.0   5.0 450.0                            LAT/LON1/LON2/DLON/H
   47   50   53   55   57   58   58   57   57   55   52   50   46   43   40   36
   34   31   29   27   25   24   23   22   21   21   20   21   21   22   23   24
   26   27   28   29   29   30   30   29   29   28   28   27   28   28   29   30
   31   33   33   34   35   34   34   33   32   31   30   28   28   27   26   27
   27   28   30   32   35   38   41   44   47
    72.5-180.0 180.0   5.0 450.0                            LAT/LON1/LON2/DLON/H
   51   54   57   59   60   61   62   61   60   58   55   52   48   44   40   37
   34   31   29   28   27   26   25   25   24   24   24   24   24   25   26   27
   29   30   31   32   32   31   31   29   28   27   26   26   25   26   27   29
   30   31   32   33   33   34   33   32   31   30   29   28   27   27   27   27
   28   29   31   33   37   40   44   48   51
    70.0-180.0 180.0   5.0 450.0                            LAT/LON1/LON2/DLON/H
   55   58   60   62   63   64   64   64   63   60   57   54   50   45   41   37
   34   32   30   28   28   28   28   27   27   27   27   27   27   28   29   29
   30   31   32   32   32   31   30   28   26   25   23   23   23   24   25   26
   28   29   30   31   31   30   30   28   28   27   27   27   27   27   28   29
   30   32   34   37   40   43   48   51   55
    67.5-180.0 180.0   5.0 450.0                            LAT/LON1/LON2/DLON/H
   59   61   63   64   64   65   65   65   65   63   60   57   52   47   42   37
   34   31   30   29   29   30   30   29   29   29   28   28   29   29   29   30
   30   31   31   31   30   29   27   25   23   21   20   20   19   21   22   24
   25   26   27   26   26   25   24   22   22   23   24   26   27   29   31   33
   35   37   39   42   45   48   52   56   59
    65.0-180.0 180.0   5.0 450.0                            LAT/LON1/LON2/DLON/H
   64   65   65   65   65   65   65   66   66   65   63   60   55   50   44   39
   35   32   30   29   30   30   30   30   30   29   28   28   28   29   29   29
   29   29   29   28   27   25   24   21   20   19   18   18   18   19   20   22
   23   23   23   22   20   18   16   15   15   17   20   24   28   32   35   38
   41   43   45   48   51   55   58   61   64
    62.5-180.0 180.0   5.0 450.0                            LAT/LON1/LON2/DLON/H
   68   69   68   67   65   65   65   66   66   67   66   63   59   54   48   42
   37   33   30   29   29   29   29   29   28   27   27   27   27   28   28   28
   27   26   25   25   22   21   20   19   18   17   17   18   18   19   20   21
   21   21   20   17   14   11    9    8    9   12   17   23   29   35   40   44
   48   50   52   55   57   60   64   67   68
    60.0-180.0 180.0   5.0 450.0                            LAT/LON1/LON2/DLON/H
   74   74   72   69   67   65   65   66   67   69   69   67   64   59   52   46
   40   35   31   29   28   27   27   26   25   24   24   25   25   26   26   26
   25   24   23   21   20   19   18   18   18   19   19   20   21   22   22   22
   22   20   18   15   11    8    6    5    6    9   16   24   32   40   46   51
   54   57   59   61   63   67   70   73   74
    57.5-180.0 180.0   5.0 450.0                            LAT/LON1/LON2/DLON/H
   81   81   78   75   72   69   68   68   70   71   72   72   69   64   58   51
   44   38   33   30   27   26   24   23   22   21   21   23   24   24   25   25
   25   24   22   21   19   18   19   19   21   23   24   26   26   27   26   25
   24   22   19   16   11    8    7    6    6   10   17   26   36   45   52   57
   62   64   65   67   69   73   77   79   81
    55.0-180.0 180.0   5.0 450.0                            LAT/LON1/LON2/DLON/H
   90   90   88   84   80   76   74   73   74   75   76   76   74   70   64   56
   49   42   36   32   28   24   22   19   18   18   20   21   23   24   25   25
   25   25   24   23   21   21   22   24   26   28   31   32   33   33   31   30
   28   27   24   21   17   12   10    9   10   16   24   33   43   51   59   64
   68   70   72   73   76   80   84   88   90
    52.5-180.0 180.0   5.0 450.0                            LAT/LON1/LON2/DLON/H
  101  102  101   97   93   89   85   83   82   82   82   81   79   75   69   62
   54   47   40   34   30   24   21   18   17   17   19   22   24   26   27   27
   28   29   28   27   26   27   28   30   33   36   38   39   39   39   37   36
   35   34   33   30   27   23   20   20   21   27   34   42   51   60   66   72
   76   78   80   81   83   87   92   97  101
    50.0-180.0 180.0   5.0 450.0                            LAT/LON1/LON2/DLON/H
  114  116  116  113  109  104  100   96   93   90   89   87   84   80   74   67
   59   51   45   38   33   27   21   18   17   19   21   24   27   28   30   31
   32   33   33   33   33   34   35   37   40   42   44   45   45   44   43   42
   43   44   44   43   41   38   36   35   36   40   47   54   61   68   75   80
   84   86   88   89   92   96  102  108  114
    47.5-180.0 180.0   5.0 450.0                            LAT/LON1/LON2/DLON/H
  127  131  131  129  126  122  117  112  107  102   98   94   90   85   79   72
   63   56   49   43   37   31   25   21   21   22   26   28   31   33   34   36
   38   39   40   41   41   41   42   44   45   47   49   50   50   49   49   49
   52   55   57   57   56   54   51   51   52   55   61   66   72   78   84   89
   92   95   97   99  102  107  113  120  127
    45.0-180.0 180.0   5.0 450.0                            LAT/LON1/LON2/DLON/H
  139  144  145  144  141  138  133  128  121  114  108  102   96   90   83   76
   67   60   54   48   42   36   31   27   26   28   31   34   36   37   39   42
   44   46   47   47   48   48   48   49   49   50   52   53   54   54   54   56
   59   64   68   70   70   68   66   65   66   69   73   78   83   88   93   98
  102  104  106  108  112  117  124  132  139
    42.5-180.0 180.0   5.0 450.0                            LAT/LON1/LON2/DLON/H
  149  154  156  154  152  149  145  141  134  126  118  110  103   95   88   79
   71   64   58   53   48   42   38   35   34   35   37   40   42   43   45   47
   49   51   52   53   53   53   52   52   51   52   53   55   56   57   58   60
   65   71   77   79   80   78   76   75   76   78   82   86   91   97  101  106
  110  112  114  117  121  127  134  142  149
    40.0-180.0 180.0   5.0 450.0                            LAT/LON1/LON2/DLON/H
  156  159  160  158  155  154  151  148  143  135  127  118  110  102   94   84
   75   68   62   58   53   49   45   42   42   43   44   45   47   49   50   52
   54   56   56   56   56   55   55   54   53   53   54   57   59   61   61   64
   69   75   81   84   85   83   81   80   80   84   88   93   98  103  108  113
  116  118  121  124  129  135  143  150  156
    37.5-180.0 180.0   5.0 450.0                            LAT/LON1/LON2/DLON/H
  160  161  159  155  152  151  150  149  146  140  133  125  117  108  100   90
   81   72   67   62   59   55   52   50   49   49   50   51   52   54   55   57
   59   60   59   58   57   57   56   55   54   54   56   59   62   63   64   65
   68   74   80   84   85   84   82   80   81   85   90   96  101  107  113  118
  120  123  125  130  136  143  150  157  160
    35.0-180.0 180.0   5.0 450.0                            LAT/LON1/LON2/DLON/H
  163  160  154  148  144  143  144  145  144  140  135  128  122  115  106   97
   87   78   71   67   63   60   57   56   55   56   55   55   56   58   60   62
   62   62   62   60   58   58   57   56   56   56   58   62   64   65   64   64
   66   70   76   80   82   81   78   77   79   84   91   97  104  110  115  120
  123  125  129  135  142  151  159  163  163
    32.5-180.0 180.0   5.0 450.0                            LAT/LON1/LON2/DLON/H
  170  163  153  143  137  135  135  137  138  138  134  130  125  120  112  104
   94   85   77   71   67   63   62   61   60   60   59   59   60   61   63   65
   66   65   64   61   60   59   59   59   59   60   62   64   66   66   63   61
   61   64   69   73   76   75   73   72   76   82   90   98  105  111  116  121
  124  128  133  141  151  161  170  173  170
    30.0-180.0 180.0   5.0 450.0                            LAT/LON1/LON2/DLON/H
  183  173  160  148  137  132  131  131  133  134  133  130  127  123  118  110
  101   92   83   76   70   66   64   64   64   63   63   62   63   65   66   68
   69   68   66   64   62   61   62   63   64   65   66   67   67   65   61   57
   55   56   61   66   70   70   68   68   73   80   90   99  106  112  118  123
  127  132  140  150  163  176  185  188  183
    27.5-180.0 180.0   5.0 450.0                            LAT/LON1/LON2/DLON/H
  207  197  183  168  154  144  137  134  133  133  133  131  129  126  122  116
  109   99   88   79   72   68   66   67   67   67   66   66   66   67   69   70
   71   71   70   68   66   65   66   68   70   70   69   69   67   63   57   51
   48   49   54   60   64   65   65   66   71   81   92  102  109  115  121  126
  132  140  151  164  180  195  207  211  207
    25.0-180.0 180.0   5.0 450.0                            LAT/LON1/LON2/DLON/H
  241  235  225  209  190  172  158  147  142  140  138  136  132  128  125  120
  114  105   94   83   75   70   69   70   71   72   72   71   71   71   72   73
   74   75   74   73   71   70   71   74   75   75   72   68   64   59   52   47
   42   43   47   54   59   62   62   65   72   83   96  107  115  121  127  134
  142  153  166  182  200  219  234  241  241
    22.5-180.0 180.0   5.0 450.0                            LAT/LON1/LON2/DLON/H
  283  285  283  270  247  220  195  176  163  157  153  147  140  134  129  124
  118  110   99   87   78   73   72   74   76   78   79   78   77   76   76   77
   78   80   80   80   78   77   77   79   79   78   73   66   60   54   48   43
   39   39   43   51   57   60   61   65   74   88  103  115  124  131  138  147
  158  171  185  203  223  244  263  275  283
    20.0-180.0 180.0   5.0 450.0                            LAT/LON1/LON2/DLON/H
  324  338  348  343  318  282  247  217  197  186  178  167  154  142  134  128
  122  113  102   91   82   77   77   80   84   87   88   88   86   84   82   81
   83   86   87   87   85   84   82   83   82   79   72   64   56   50   45   40
   38   38   42   49   55   59   61   66   78   94  111  125  135  143  153  164
  178  192  207  224  245  267  290  308  324
    17.5-180.0 180.0   5.0 450.0                            LAT/LON1/LON2/DLON/H
  357  385  407  411  389  348  304  267  242  226  212  195  176  158  144  134
  127  118  106   96   87   83   83   87   92   97  100  101   97   93   89   88
   89   92   95   95   93   90   87   86   84   79   71   61   53   48   45   42
   39   39   43   50   55   58   61   68   82  101  120  136  148  158  170  184
  200  215  228  243  262  285  310  333  357
    15.0-180.0 180.0   5.0 450.0                            LAT/LON1/LON2/DLON/H
  375  412  447  462  444  403  357  317  289  271  254  232  205  179  158  144
  134  123  112  102   94   90   91   95  102  108  114  114  111  105  100   97
   98  100  103  103  100   95   91   87   84   78   70   59   52   48   46   45
   43   43   45   50   55   57   60   69   85  107  129  146  159  172  186  204
  221  236  246  257  273  294  319  345  375
    12.5-180.0 180.0   5.0 450.0                            LAT/LON1/LON2/DLON/H
  373  414  457  482  472  436  393  356  331  314  296  271  238  205  178  158
  144  133  121  111  103  100  101  105  111  119  126  129  126  119  112  108
  107  109  110  109  105   99   93   88   84   77   68   59   52   50   50   50
   48   46   48   51   54   56   59   69   87  111  134  153  168  182  199  219
  237  250  258  265  277  296  319  343  373
    10.0-180.0 180.0   5.0 450.0                            LAT/LON1/LON2/DLON/H
  355  393  437  465  464  439  405  377  359  347  331  305  270  233  200  177
  160  146  134  124  116  112  112  115  121  129  138  143  141  134  126  120
  117  117  116  113  108  100   93   87   83   76   68   60   55   54   55   55
   53   50   50   51   53   54   58   69   89  113  137  156  171  187  206  228
  246  258  263  266  275  292  311  330  355
     7.5-180.0 180.0   5.0 450.0                            LAT/LON1/LON2/DLON/H
  330  358  395  423  427  412  391  374  367  363  353  330  296  258  224  198
  179  164  151  141  133  127  124  125  129  138  149  155  154  148  139  131
  126  123  120  115  107   99   91   86   81   76   70   63   59   59   60   60
   57   53   51   51   51   52   57   69   90  114  136  154  169  185  206  228
  246  257  261  264  271  285  300  313  330
     5.0-180.0 180.0   5.0 450.0                            LAT/LON1/LON2/DLON/H
  306  322  346  367  374  368  358  354  356  361  358  342  312  277  245  220
  201  186  172  162  152  144  138  135  137  144  156  164  165  159  150  141
  133  126  120  112  103   95   88   83   79   75   71   67   64   63   64   63
   59   54   52   49   49   51   56   70   90  113  133  149  163  179  200  221
  239  250  255  259  266  279  291  298  306
     2.5-180.0 180.0   5.0 450.0                            LAT/LON1/LON2/DLON/H
  292  295  305  317  323  322  321  324  333  345  348  338  317  289  261  240
  223  209  196  185  174  163  153  146  144  150  159  168  170  165  156  146
  135  125  115  106   97   89   82   79   77   75   73   70   68   67   66   64
   60   55   51   49   48   50   58   71   91  110  127  141  154  169  189  210
  228  239  246  253  263  277  289  292  292
