igsg/igsg1280.16i
     1.0            IONOSPHERE MAPS     MIX                 IONEX VERSION / TYPE
cmpcmb v1.2          GRL/UWM            19-may-16 01:32     PGM / RUN BY / DATE 
ionex file containing IGS COMBINED Ionosphere maps          COMMENT             
global ionosphere maps for day 128, 2016                    DESCRIPTION         
IONEX file containing the COMBINED IGS TEC MAPS and DCBs    DESCRIPTION         
      IONEX files of the following IAACs were combined: cod DESCRIPTION         
                                                        jpl DESCRIPTION         
Contact address: Andrzej Krankowski                         DESCRIPTION
                 Geodynamics Research Laboratory            DESCRIPTION
                 University of Warmia and Mazury (GRL/UWM)  DESCRIPTION
                 Oczapowski St. 1                           DESCRIPTION
                 10-957-Olsztyn, POLAND                     DESCRIPTION
                 e-mail:  kand@uwm.edu.pl                   DESCRIPTION
                                                            DESCRIPTION         
  2016     5     7     0     0     0                        EPOCH OF FIRST MAP  
  2016     5     8     0     0     0                        EPOCH OF LAST MAP   
  7200                                                      INTERVAL            
    13                                                      # OF MAPS IN FILE   
  COSZ                                                      MAPPING FUNCTION    
     0.0                                                    ELEVATION CUTOFF    
combined TEC calculated as weighted mean of input TEC valuesOBSERVABLES USED    
   315                                                      # OF STATIONS       
    32                                                      # OF SATELLITES     
  6371.0                                                    BASE RADIUS         
     2                                                      MAP DIMENSION       
   450.0 450.0   0.0                                        HGT1 / HGT2 / DHGT  
    87.5 -87.5  -2.5                                        LAT1 / LAT2 / DLAT  
  -180.0 180.0   5.0                                        LON1 / LON2 / DLON  
    -1                                                      EXPONENT            
TEC values in 0.1 tec units;  9999, if no value available   COMMENT             
DCB values in nanoseconds, reference is Sum_of_SatDCBs = 0  COMMENT             
                                                            END OF HEADER       
[from data line 1287]
     4                                                      START OF TEC MAP    
  2016     5     7     6     0     0                        EPOCH OF CURRENT MAP
    87.5-180.0 180.0   5.0 450.0                            LAT/LON1/LON2/DLON/H
  116  117  116  116  115  115  115  114  114  114  113  112  112  111  111  111
  110  110  110  110  109  109  109  109  109  109  109  108  108  108  108  108
  108  108  108  108  109  109  109  109  110  110  110  110  111  110  110  111
  111  112  112  112  113  113  114  114  114  114  115  115  115  116  116  116
  116  116  116  117  117  116  116  116  116
    85.0-180.0 180.0   5.0 450.0                            LAT/LON1/LON2/DLON/H
  121  120  120  119  119  118  117  116  115  114  113  112  111  110  109  108
  107  106  105  104  104  103  103  103  102  103  103  103  104  104  104  105
  105  105  106  106  106  106  106  107  107  107  107  107  108  108  108  109
  109  110  110  111  112  113  113  114  115  116  117  117  118  119  119  120
  120  121  121  122  122  121  122  121  121
    82.5-180.0 180.0   5.0 450.0                            LAT/LON1/LON2/DLON/H
  125  124  124  123  121  120  118  117  115  113  112  110  108  106  104  102
  101  100   99   98   97   97   96   96   96   96   97   98   98   99  100  101
  101  102  103  103  103  103  104  104  104  104  104  104  104  104  105  105
  106  107  108  110  111  112  114  115  116  118  119  120  121  122  123  124
  125  125  126  126  126  126  126  126  125
    80.0-180.0 180.0   5.0 450.0                            LAT/LON1/LON2/DLON/H
  129  127  126  124  122  120  118  116  114  111  109  106  103  100   98   96
   94   93   92   91   90   90   89   90   89   90   91   92   93   94   96   97
   99  100  100  101  102  101  102  101  101  101  100  100  100  100  101  101
  103  105  106  108  110  112  114  116  119  121  122  124  125  126  127  129
  130  130  130  130  130  130  130  129  129
    77.5-180.0 180.0   5.0 450.0                            LAT/LON1/LON2/DLON/H
  130  129  127  124  122  119  116  114  111  108  104  101   98   95   93   89
   88   86   85   84   84   83   83   84   84   84   85   87   88   90   92   93
   95   97   99  100  100  100  100   99   98   96   96   96   96   96   97   98
  100  102  105  107  110  113  115  118  120  122  125  126  128  130  132  132
  134  134  135  135  134  134  133  132  130
    75.0-180.0 180.0   5.0 450.0                            LAT/LON1/LON2/DLON/H
  131  129  126  123  120  117  114  111  107  104  100   96   93   89   86   83
   82   81   80   80   80   80   81   81   81   81   82   82   83   85   87   89
   92   94   96   98   98   98   98   97   95   94   93   92   92   93   94   97
   99  102  105  107  110  114  116  119  121  124  126  127  130  131  133  135
  136  137  137  138  137  136  135  133  131
    72.5-180.0 180.0   5.0 450.0                            LAT/LON1/LON2/DLON/H
  132  129  126  122  119  115  111  108  104  100   96   91   87   83   79   78
   76   76   77   78   79   80   80   80   80   79   78   79   79   80   82   84
   87   90   92   95   95   96   95   94   92   91   90   90   91   92   94   97
   99  103  106  109  111  114  116  119  121  123  125  127  129  131  133  135
  136  138  139  139  139  138  136  135  132
    70.0-180.0 180.0   5.0 450.0                            LAT/LON1/LON2/DLON/H
  134  130  126  122  118  113  109  105  101   96   91   86   81   76   73   71
   71   72   74   77   79   80   81   81   80   78   76   75   74   75   77   79
   82   85   88   90   91   92   91   90   89   88   88   89   91   93   96  100
  103  106  108  110  112  114  116  117  118  120  122  124  126  128  130  133
  135  137  139  140  141  140  139  137  134
    67.5-180.0 180.0   5.0 450.0                            LAT/LON1/LON2/DLON/H
  136  132  128  123  117  112  107  102   97   92   86   81   75   70   68   66
   67   69   73   76   79   81   81   80   78   75   72   70   69   68   70   72
   75   79   82   85   86   87   87   87   86   86   88   90   93   97  101  105
  108  109  111  111  112  113  113  115  115  116  118  120  122  124  127  130
  133  136  139  140  142  143  142  140  136
    65.0-180.0 180.0   5.0 450.0                            LAT/LON1/LON2/DLON/H
  141  137  131  125  119  113  106  100   95   89   83   77   72   67   63   62
   63   66   70   74   77   79   79   77   74   70   66   63   61   61   63   66
   69   73   76   79   81   82   83   83   84   86   89   93   98  103  108  111
  114  114  113  112  111  111  110  111  112  113  114  116  117  120  122  126
  129  133  138  141  143  145  145  144  141
    62.5-180.0 180.0   5.0 450.0                            LAT/LON1/LON2/DLON/H
  146  142  136  129  121  114  106  100   94   88   81   75   69   63   60   58
   59   62   66   70   73   74   73   70   66   61   57   54   53   55   57   60
   64   68   71   74   76   77   79   80   83   86   91   98  104  110  115  118
  119  118  116  113  111  109  109  110  111  112  113  114  116  118  120  123
  127  131  136  140  144  147  148  148  146
    60.0-180.0 180.0   5.0 450.0                            LAT/LON1/LON2/DLON/H
  151  148  142  134  126  117  108  100   93   87   80   74   68   63   59   56
   56   58   61   64   66   66   64   60   55   50   47   45   46   48   52   56
   61   65   68   71   72   74   76   79   83   88   95  103  111  118  122  124
  124  121  117  113  110  108  109  111  113  115  116  117  118  120  121  123
  126  130  135  139  144  148  151  152  151
    57.5-180.0 180.0   5.0 450.0                            LAT/LON1/LON2/DLON/H
  156  153  148  140  132  122  112  103   95   87   80   75   69   64   60   56
   55   55   55   57   58   57   54   50   45   41   38   38   41   45   49   55
   60   64   67   69   71   74   76   80   85   92  100  109  118  124  128  129
  127  123  118  114  112  111  113  116  120  123  125  126  126  126  126  127
  129  131  135  139  144  148  153  156  156
    55.0-180.0 180.0   5.0 450.0                            LAT/LON1/LON2/DLON/H
  159  158  154  148  140  129  119  108   98   89   82   76   71   66   61   58
   54   52   51   51   50   50   46   42   38   34   34   35   38   44   49   55
   61   65   69   71   73   75   78   83   90   97  107  116  123  129  132  132
  130  125  120  117  115  117  120  126  131  135  137  139  138  137  136  135
  135  135  136  139  143  147  153  157  159
    52.5-180.0 180.0   5.0 450.0                            LAT/LON1/LON2/DLON/H
  161  162  160  156  148  139  128  116  103   92   84   78   74   69   64   59
   55   52   49   48   47   46   43   39   36   34   34   36   40   46   51   57
   63   68   72   75   78   80   84   89   96  104  113  122  129  134  136  134
  131  127  123  121  122  126  132  139  146  151  153  153  152  150  148  146
  143  142  141  141  143  146  152  157  161
    50.0-180.0 180.0   5.0 450.0                            LAT/LON1/LON2/DLON/H
  162  164  165  163  157  149  139  125  110   97   87   80   76   72   67   63
   58   53   50   48   47   46   44   42   40   39   40   43   46   50   56   62
   67   72   76   80   84   87   91   96  103  111  119  127  134  137  138  137
  134  131  129  130  133  138  146  154  161  165  167  166  165  163  160  157
  154  151  146  144  144  146  151  157  162
    47.5-180.0 180.0   5.0 450.0                            LAT/LON1/LON2/DLON/H
  162  166  168  169  166  159  149  134  118  103   90   82   77   74   71   67
   63   58   55   53   52   52   51   50   50   51   52   53   55   58   62   66
   71   76   82   87   91   95  100  105  111  118  126  133  139  142  142  140
  138  137  138  140  145  151  159  166  173  176  177  175  174  172  170  167
  163  159  154  150  147  148  151  157  162
    45.0-180.0 180.0   5.0 450.0                            LAT/LON1/LON2/DLON/H
  163  168  171  174  173  168  158  144  127  109   96   86   79   76   74   72
   69   65   62   60   60   60   61   61   63   65   67   68   68   68   69   71
   75   81   87   94   99  104  109  114  119  126  133  140  145  147  147  146
  145  147  150  154  159  165  170  176  180  181  181  179  177  176  174  172
  170  166  162  156  153  152  154  158  163
    42.5-180.0 180.0   5.0 450.0                            LAT/LON1/LON2/DLON/H
  166  170  173  176  176  174  165  151  134  116  102   90   83   79   79   77
   76   74   72   70   69   70   71   74   78   81   84   84   82   79   77   77
   80   86   92  100  106  112  117  122  127  134  141  147  152  155  155  155
  156  160  165  169  174  177  179  181  183  182  180  178  176  175  174  174
  173  170  167  163  160  159  159  162  166
    40.0-180.0 180.0   5.0 450.0                            LAT/LON1/LON2/DLON/H
  171  174  176  178  178  175  167  155  140  125  110   97   89   85   84   85
   85   84   82   80   79   79   81   86   91   96   99   98   95   90   86   83
   85   90   97  105  112  119  124  129  135  141  148  155  160  164  166  167
  171  176  182  186  188  189  188  187  187  185  182  179  177  175  174  174
  174  173  173  171  169  169  169  169  171
    37.5-180.0 180.0   5.0 450.0                            LAT/LON1/LON2/DLON/H
  181  181  181  180  178  174  166  156  143  132  120  107   98   93   92   93
   94   94   92   89   87   88   90   95  102  108  111  110  106  100   93   90
   90   93  101  109  117  125  131  137  142  149  156  163  170  174  178  182
  187  194  201  206  206  204  201  199  198  195  192  189  186  183  180  178
  177  178  178  179  181  182  182  181  181
    35.0-180.0 180.0   5.0 450.0                            LAT/LON1/LON2/DLON/H
  195  192  189  184  177  171  162  153  146  139  131  119  110  104  102  103
  104  104  101   96   94   93   97  104  112  118  120  118  115  108  101   95
   93   96  103  111  121  129  137  143  149  156  162  170  179  186  192  198
  206  215  223  227  227  225  222  221  222  221  218  216  211  205  199  193
  189  187  188  191  195  197  198  197  195
    32.5-180.0 180.0   5.0 450.0                            LAT/LON1/LON2/DLON/H
  214  209  201  191  180  168  158  150  146  145  140  131  122  115  113  114
  114  112  108  102   98   99  103  111  120  125  126  123  119  114  107  100
   96   97  103  112  123  133  142  150  156  163  170  178  187  197  206  214
  224  235  244  251  254  255  256  259  262  264  265  261  255  246  235  223
  212  205  203  206  212  216  218  217  214
    30.0-180.0 180.0   5.0 450.0                            LAT/LON1/LON2/DLON/H
  238  233  221  205  187  168  155  146  145  148  147  141  133  126  123  123
  122  120  113  106  102  104  110  120  128  131  129  124  121  117  111  103
   97   97  102  111  124  137  147  155  163  169  177  186  196  207  218  229
  241  255  268  278  286  294  302  310  317  323  326  323  316  303  287  269
  250  234  226  226  231  237  240  241  238
    27.5-180.0 180.0   5.0 450.0                            LAT/LON1/LON2/DLON/H
  267  262  249  227  201  176  156  145  143  148  150  147  140  133  130  129
  128  124  117  110  107  111  119  129  137  136  130  123  120  116  111  102
   95   93   98  109  124  138  151  161  169  177  184  193  204  216  229  242
  257  274  290  306  322  338  354  367  378  388  392  391  383  368  349  325
  297  272  257  251  254  260  265  268  267
    25.0-180.0 180.0   5.0 450.0                            LAT/LON1/LON2/DLON/H
  301  298  284  257  223  190  164  148  144  146  150  148  142  136  133  132
  132  127  120  115  114  120  131  140  145  140  130  121  116  114  108   99
   91   87   92  106  123  139  153  165  175  184  192  200  212  224  238  254
  272  292  312  333  356  380  403  420  434  446  452  452  444  430  410  382
  349  315  292  280  279  285  292  298  301
    22.5-180.0 180.0   5.0 450.0                            LAT/LON1/LON2/DLON/H
  337  337  324  294  254  213  180  158  148  146  147  146  141  134  131  131
  131  128  123  120  123  132  143  152  153  143  128  116  110  108  103   93
   84   80   85  101  120  139  154  168  180  191  201  210  221  234  248  266
  286  309  332  356  384  415  441  461  475  486  493  494  489  478  460  434
  397  359  328  311  307  312  320  330  337
    20.0-180.0 180.0   5.0 450.0                            LAT/LON1/LON2/DLON/H
  373  377  366  335  290  242  203  175  158  150  147  143  137  131  127  128
  129  127  125  126  133  144  155  160  157  143  126  111  104  101   95   86
   77   72   78   95  116  136  153  170  185  199  211  221  232  245  260  279
  301  326  349  374  404  435  462  480  492  501  507  509  508  503  492  470
  437  397  363  343  336  339  349  361  373
    17.5-180.0 180.0   5.0 450.0                            LAT/LON1/LON2/DLON/H
  405  413  405  375  327  276  233  201  176  160  151  145  137  128  124  125
  128  128  128  133  142  155  163  165  157  141  122  107   99   94   89   79
   69   66   72   89  111  131  150  170  189  206  221  233  246  259  275  295
  318  342  363  386  412  441  464  479  487  493  498  502  505  507  504  490
  462  427  394  372  363  367  377  391  405
    15.0-180.0 180.0   5.0 450.0                            LAT/LON1/LON2/DLON/H
  434  444  439  409  361  310  267  230  201  177  162  152  141  132  128  128
  131  132  134  140  151  162  167  165  154  136  117  103   95   89   83   74
   64   61   68   85  106  125  145  167  191  212  231  246  260  276  294  315
  337  357  375  393  414  436  454  463  467  470  474  480  487  495  499  495
  475  446  417  397  389  393  403  418  434
    12.5-180.0 180.0   5.0 450.0                            LAT/LON1/LON2/DLON/H
  456  468  465  437  389  341  300  264  230  201  181  167  155  145  140  140
  142  141  142  148  158  165  166  160  146  129  113  101   93   87   80   72
   62   58   65   81   99  118  138  163  190  217  239  258  275  294  314  335
  355  372  385  397  411  425  437  441  442  443  446  453  463  475  484  486
  475  455  432  416  411  415  426  440  456
    10.0-180.0 180.0   5.0 450.0                            LAT/LON1/LON2/DLON/H
  473  485  482  455  410  366  332  298  262  228  204  188  176  165  161  161
  160  157  154  157  163  165  161  151  137  122  109  100   93   88   80   71
   62   58   63   77   93  110  131  157  187  218  244  267  288  309  332  353
  371  383  392  399  406  415  421  423  421  422  426  433  444  455  464  469
  465  453  437  426  425  433  444  458  473
     7.5-180.0 180.0   5.0 450.0                            LAT/LON1/LON2/DLON/H
  483  495  493  466  424  387  360  330  294  257  231  213  201  192  188  187
  185  176  168  165  165  162  154  142  128  116  106   99   94   89   82   72
   62   59   63   73   87  101  122  150  182  215  245  271  296  320  343  365
  380  390  395  399  405  410  413  413  412  413  418  425  434  440  445  449
  448  442  432  426  429  440  454  468  483
     5.0-180.0 180.0   5.0 450.0                            LAT/LON1/LON2/DLON/H
  487  500  499  473  434  403  383  359  323  285  257  240  229  221  217  215
  209  196  181  172  166  158  146  133  121  110  104   98   94   89   82   72
   63   59   61   70   80   94  114  142  175  208  240  268  295  321  346  367
  381  389  394  399  405  410  412  413  414  417  422  429  432  431  427  426
  426  422  417  415  423  437  454  471  487
     2.5-180.0 180.0   5.0 450.0                            LAT/LON1/LON2/DLON/H
  484  500  500  475  439  414  403  382  347  309  281  263  253  246  243  240
  231  213  192  177  165  153  139  127  116  107  102   97   93   87   80   70
   62   57   59   65   74   87  107  134  166  198  229  257  284  311  336  357
  371  380  388  396  406  413  418  421  425  429  434  437  435  425  411  403
  400  398  394  396  405  423  443  464  484
