igsg/igsg0340.17i
     1.0            IONOSPHERE MAPS     MIX                 IONEX VERSION / TYPE
cmpcmb v1.2          GRL/UWM            21-feb-17 15:51     PGM / RUN BY / DATE 
ionex file containing IGS COMBINED Ionosphere maps          COMMENT             
global ionosphere maps for day 034, 2017                    DESCRIPTION         
IONEX file containing the COMBINED IGS TEC MAPS and DCBs    DESCRIPTION         
      IONEX files of the following IAACs were combined: cod DESCRIPTION         
                                                        esa DESCRIPTION         
                                                        jpl DESCRIPTION         
Contact address: Andrzej Krankowski                         DESCRIPTION
                 Geodynamics Research Laboratory            DESCRIPTION
                 University of Warmia and Mazury (GRL/UWM)  DESCRIPTION
                 Oczapowski St. 1                           DESCRIPTION
                 10-957-Olsztyn, POLAND                     DESCRIPTION
                 e-mail:  kand@uwm.edu.pl                   DESCRIPTION
                                                            DESCRIPTION         
  2017     2     3     0     0     0                        EPOCH OF FIRST MAP  
  2017     2     4     0     0     0                        EPOCH OF LAST MAP   
  7200                                                      INTERVAL            
    13                                                      # OF MAPS IN FILE   
  COSZ                                                      MAPPING FUNCTION    
     0.0                                                    ELEVATION CUTOFF    
combined TEC calculated as weighted mean of input TEC valuesOBSERVABLES USED    
   368                                                      # OF STATIONS       
    32                                                      # OF SATELLITES     
  6371.0                                                    BASE RADIUS         
     2                                                      MAP DIMENSION       
   450.0 450.0   0.0                                        HGT1 / HGT2 / DHGT  
    87.5 -87.5  -2.5                                        LAT1 / LAT2 / DLAT  
  -180.0 180.0   5.0                                        LON1 / LON2 / DLON  
    -1                                                      EXPONENT            
TEC values in 0.1 tec units;  9999, if no value available   COMMENT             
DCB values in nanoseconds, reference is Sum_of_SatDCBs = 0  COMMENT             
                                                            END OF HEADER       
[from data line 1287]
     4                                                      START OF TEC MAP    
  2017     2     3     6     0     0                        EPOCH OF CURRENT MAP
    87.5-180.0 180.0   5.0 450.0                            LAT/LON1/LON2/DLON/H
   32   32   32   32   32   32   32   32   32   32   32   32   32   31   31   31
   31   31   31   31   31   31   30   30   31   31   31   31   31   31   32   32
   32   33   33   34   34   34   34   35   35   35   35   36   35   36   36   36
   36   36   36   36   36   35   35   35   35   35   34   34   34   34   33   33
   33   33   33   32   32   32   32   32   32
    85.0-180.0 180.0   5.0 450.0                            LAT/LON1/LON2/DLON/H
   30   31   31   32   32   32   33   33   32   32   32   32   32   31   31   30
   29   29   28   27   27   26   26   26   26   26   27   27   28   28   29   30
   31   31   32   33   34   35   36   36   37   38   38   39   39   40   39   39
   40   40   40   39   39   39   38   38   37   37   36   35   34   33   33   32
   31   31   30   30   30   30   30   30   30
    82.5-180.0 180.0   5.0 450.0                            LAT/LON1/LON2/DLON/H
   28   29   29   30   32   32   33   34   34   34   34   33   33   31   30   29
   27   25   24   23   22   21   20   20   20   20   21   22   23   24   26   27
   29   30   32   34   35   36   37   38   39   40   40   41   42   43   43   43
   44   44   44   44   44   44   43   42   41   40   39   37   36   35   33   31
   30   29   28   28   27   26   27   27   28
    80.0-180.0 180.0   5.0 450.0                            LAT/LON1/LON2/DLON/H
   25   26   28   29   31   33   34   35   36   36   36   35   34   32   30   27
   25   23   20   19   17   16   16   16   16   16   17   18   19   22   24   26
   28   30   32   34   35   37   38   39   40   41   42   43   44   45   46   47
   48   49   49   50   51   51   50   50   49   47   45   43   41   38   36   33
   31   29   27   26   25   24   24   24   25
    77.5-180.0 180.0   5.0 450.0                            LAT/LON1/LON2/DLON/H
   23   24   25   28   30   32   34   35   36   37   37   36   34   32   30   27
   24   21   18   15   14   13   13   13   14   14   15   17   18   21   24   26
   29   31   33   35   36   38   38   39   40   41   42   43   44   45   47   49
   51   53   55   57   59   60   60   60   58   57   55   52   49   46   42   39
   35   32   29   27   25   23   23   22   23
    75.0-180.0 180.0   5.0 450.0                            LAT/LON1/LON2/DLON/H
   22   22   24   26   28   30   32   34   35   36   36   35   34   32   29   26
   23   19   17   14   13   13   12   13   13   14   16   17   19   22   25   28
   30   32   33   35   36   37   37   38   38   39   40   41   43   45   48   51
   54   58   61   65   68   69   71   71   71   69   67   64   60   56   52   48
   43   38   34   31   28   25   24   22   22
    72.5-180.0 180.0   5.0 450.0                            LAT/LON1/LON2/DLON/H
   23   23   23   24   25   28   30   31   33   34   34   33   32   30   28   26
   23   20   18   15   14   14   14   14   15   16   17   20   23   25   27   29
   31   32   33   34   34   34   34   35   35   36   37   39   41   44   48   52
   57   62   68   72   76   80   82   83   82   82   79   76   72   68   63   58
   52   48   42   38   34   30   27   25   23
    70.0-180.0 180.0   5.0 450.0                            LAT/LON1/LON2/DLON/H
   26   24   22   22   23   24   26   28   29   30   31   30   30   29   27   25
   23   22   20   18   17   17   17   18   19   20   22   24   26   28   29   30
   31   31   31   31   30   30   30   31   31   32   34   36   39   44   48   53
   60   67   73   79   84   88   91   93   92   92   89   86   82   78   73   68
   63   57   52   47   42   37   33   29   26
    67.5-180.0 180.0   5.0 450.0                            LAT/LON1/LON2/DLON/H
   29   25   23   21   20   21   22   23   24   26   26   27   27   26   26   25
   24   23   22   22   22   23   23   23   24   25   27   28   29   30   30   30
   29   28   27   26   25   25   25   25   27   28   31   35   39   43   50   56
   63   70   78   84   90   95   97   98   99   98   96   93   89   84   80   75
   70   65   61   56   51   45   39   34   29
    65.0-180.0 180.0   5.0 450.0                            LAT/LON1/LON2/DLON/H
   33   27   23   20   18   18   18   19   20   21   22   23   24   24   24   24
   25   25   25   25   26   27   28   28   28   29   30   30   31   30   29   28
   26   24   22   21   20   19   20   21   23   26   31   35   40   46   52   60
   67   75   82   89   94   98  100  102  101  100   98   95   91   87   83   79
   75   71   67   62   57   51   46   39   33
    62.5-180.0 180.0   5.0 450.0                            LAT/LON1/LON2/DLON/H
   37   30   24   20   17   16   16   16   17   18   20   21   22   23   24   24
   24   25   26   27   28   30   30   30   30   30   30   30   30   29   27   25
   23   20   18   16   15   15   16   18   21   26   31   37   44   50   57   64
   72   79   86   92   97  100  101  102  102  101   98   96   93   89   84   81
   77   73   70   67   62   57   51   44   37
    60.0-180.0 180.0   5.0 450.0                            LAT/LON1/LON2/DLON/H
   40   32   26   22   18   16   16   16   16   17   18   19   20   21   22   23
   24   25   26   27   29   29   29   29   28   28   28   28   27   26   24   22
   19   17   15   13   12   12   13   17   22   28   35   41   49   56   63   70
   78   85   91   96   99  101  102  102  102  101   99   97   94   90   85   81
   77   74   72   69   65   61   55   47   40
    57.5-180.0 180.0   5.0 450.0                            LAT/LON1/LON2/DLON/H
   43   36   29   24   20   18   17   17   17   17   18   19   20   20   21   22
   23   24   25   25   26   27   26   26   26   25   25   25   24   23   21   19
   17   15   13   12   12   13   14   19   24   31   39   47   55   63   70   77
   84   90   95   99  101  103  104  103  103  103  102  100   98   94   89   84
   79   76   73   71   67   63   58   51   43
    55.0-180.0 180.0   5.0 450.0                            LAT/LON1/LON2/DLON/H
   47   40   34   29   25   23   21   20   19   19   19   19   20   20   20   21
   21   22   22   23   23   23   23   23   22   23   23   23   22   21   20   18
   16   15   14   14   14   15   18   22   29   37   45   54   62   70   77   84
   90   95  100  103  105  106  107  107  108  109  109  108  106  101   96   90
   84   79   75   72   70   66   61   54   47
    52.5-180.0 180.0   5.0 450.0                            LAT/LON1/LON2/DLON/H
   52   45   39   35   32   29   27   26   24   22   22   21   21   20   20   20
   20   20   20   19   19   19   20   20   21   22   23   23   22   21   19   18
   17   17   17   17   18   20   23   28   35   43   52   61   70   77   84   91
   96  102  106  109  111  112  113  114  115  117  119  119  118  113  107   99
   92   86   80   76   73   69   64   58   52
    50.0-180.0 180.0   5.0 450.0                            LAT/LON1/LON2/DLON/H
   58   51   46   42   39   37   34   32   29   27   25   24   23   22   21   20
   20   19   19   18   17   18   19   20   22   24   25   25   24   22   21   20
   19   20   21   22   23   26   29   35   42   51   60   69   78   84   91   98
  103  107  112  115  118  119  120  121  123  126  129  130  129  125  119  111
  102   94   88   82   78   74   69   64   58
    47.5-180.0 180.0   5.0 450.0                            LAT/LON1/LON2/DLON/H
   64   58   53   49   47   44   42   39   35   32   30   28   27   25   23   22
   22   21   20   19   19   20   21   24   26   28   29   29   27   25   23   23
   23   24   25   27   28   31   36   42   50   59   68   77   85   92   99  105
  110  115  119  122  124  126  127  128  130  133  136  138  138  134  129  121
  112  103   96   89   85   79   75   69   64
    45.0-180.0 180.0   5.0 450.0                            LAT/LON1/LON2/DLON/H
   70   64   59   55   53   51   49   45   42   38   36   34   31   29   28   27
   26   26   25   24   23   24   26   30   32   34   35   34   32   30   27   27
   27   28   30   31   33   36   41   48   56   66   76   85   93  101  107  113
  118  122  126  130  132  133  133  133  134  136  138  140  140  138  133  126
  118  110  102   95   90   85   80   75   70
    42.5-180.0 180.0   5.0 450.0                            LAT/LON1/LON2/DLON/H
   74   68   63   59   58   56   54   51   47   45   43   41   39   36   34   33
   33   33   32   31   31   32   34   38   41   42   42   40   37   34   32   31
   31   32   34   35   37   39   45   53   63   73   84   93  102  110  116  122
  126  130  133  137  139  139  138  136  135  135  135  136  136  135  131  126
  120  113  106   99   94   89   84   79   74
    40.0-180.0 180.0   5.0 450.0                            LAT/LON1/LON2/DLON/H
   75   70   65   61   60   59   57   55   53   51   51   49   47   45   43   41
   42   42   42   41   40   41   43   47   49   50   49   46   43   39   37   35
   36   37   38   38   39   42   48   57   68   80   91  101  110  118  126  131
  134  138  141  143  145  145  143  139  134  131  130  129  128  127  125  122
  118  113  107  101   95   90   85   81   75
    37.5-180.0 180.0   5.0 450.0                            LAT/LON1/LON2/DLON/H
   74   68   64   61   60   60   59   58   58   58   58   58   57   54   52   51
   51   52   52   51   50   50   52   55   56   56   55   51   48   45   41   40
   40   41   42   41   40   43   50   60   73   86   98  108  118  126  134  140
  143  146  148  150  152  152  149  143  136  131  127  125  124  122  121  118
  115  111  106  101   96   90   85   79   74
    35.0-180.0 180.0   5.0 450.0                            LAT/LON1/LON2/DLON/H
   71   65   61   59   59   59   59   60   61   63   65   67   66   64   61   60
   61   61   61   59   58   59   61   62   63   61   59   56   53   50   47   45
   45   46   46   44   42   44   51   64   78   92  104  114  124  134  142  147
  151  153  155  158  160  161  158  152  145  137  132  129  127  126  123  120
  117  113  108  103   97   90   83   76   71
    32.5-180.0 180.0   5.0 450.0                            LAT/LON1/LON2/DLON/H
   68   63   59   57   56   57   58   59   62   66   70   74   74   72   69   68
   68   69   69   67   66   66   67   68   68   66   62   60   57   55   52   50
   50   51   50   46   43   44   53   67   83   97  109  119  130  140  149  155
  158  160  163  167  171  175  174  169  162  155  150  147  145  142  138  133
  127  122  116  111  103   94   84   75   68
    30.0-180.0 180.0   5.0 450.0                            LAT/LON1/LON2/DLON/H
   69   63   58   56   55   55   56   58   62   67   73   77   79   78   75   73
   73   74   74   73   72   72   73   72   71   68   65   63   61   59   57   55
   54   54   53   48   44   45   55   70   87  102  114  124  134  146  155  162
  165  168  172  178  185  192  195  193  188  183  181  180  179  175  168  159
  149  141  134  127  117  104   90   78   69
    27.5-180.0 180.0   5.0 450.0                            LAT/LON1/LON2/DLON/H
   76   68   62   57   55   55   55   57   61   66   73   78   81   80   78   76
   76   77   77   76   76   76   77   76   74   71   67   65   64   62   60   58
   57   57   55   49   45   47   57   74   92  107  118  128  139  151  161  168
  173  177  182  192  203  214  220  222  221  219  220  222  222  217  208  195
  181  169  161  153  141  123  105   88   76
    25.0-180.0 180.0   5.0 450.0                            LAT/LON1/LON2/DLON/H
   92   80   70   63   60   58   57   57   60   65   71   76   80   80   78   77
   77   77   78   79   79   79   79   78   76   71   68   66   65   64   61   58
   57   56   54   49   45   48   59   77   96  111  122  132  143  156  168  176
  182  188  196  208  223  237  248  253  254  257  261  266  269  265  253  236
  219  204  194  186  172  151  127  107   92
    22.5-180.0 180.0   5.0 450.0                            LAT/LON1/LON2/DLON/H
  114   98   84   74   68   65   63   62   62   65   69   73   76   77   77   76
   76   77   79   79   80   80   80   79   76   72   68   66   64   62   59   56
   55   54   52   47   44   49   61   80   99  114  126  136  149  162  175  185
  192  200  211  225  244  260  274  281  286  290  298  306  311  308  295  276
  256  240  230  222  208  183  157  133  114
    20.0-180.0 180.0   5.0 450.0                            LAT/LON1/LON2/DLON/H
  143  122  103   89   81   77   74   70   68   67   69   71   73   74   75   74
   75   76   79   80   80   80   80   79   75   71   67   64   62   59   55   52
   50   50   48   44   43   49   63   82  102  118  130  141  155  170  184  195
  204  213  227  244  263  281  295  303  308  315  324  334  341  339  325  306
  285  270  262  256  242  218  189  164  143
    17.5-180.0 180.0   5.0 450.0                            LAT/LON1/LON2/DLON/H
  172  147  124  107   98   93   88   83   78   74   72   72   72   74   74   74
   75   76   78   79   79   78   78   77   73   69   64   61   57   54   50   47
   45   44   43   41   41   49   64   84  104  120  134  147  162  178  193  205
  216  227  242  260  279  297  310  317  321  328  337  347  356  354  342  324
  305  292  287  282  272  249  222  196  172
    15.0-180.0 180.0   5.0 450.0                            LAT/LON1/LON2/DLON/H
  199  172  145  126  116  111  105  100   92   85   80   77   76   75   75   75
   76   77   78   78   77   76   76   74   71   66   62   57   53   50   45   43
   41   39   39   38   40   49   65   86  106  123  137  152  168  186  202  214
  227  240  255  273  290  305  316  321  324  329  337  347  356  356  345  329
  314  305  301  300  292  274  250  225  199
    12.5-180.0 180.0   5.0 450.0                            LAT/LON1/LON2/DLON/H
  222  193  164  143  133  127  123  116  108   98   90   85   82   81   80   78
   78   78   79   78   75   74   73   72   69   65   60   56   51   47   43   40
   38   36   36   36   40   51   67   88  108  125  140  156  174  192  208  222
  235  248  263  278  293  305  313  317  318  322  329  338  345  346  338  326
  315  309  308  308  303  290  270  247  222
    10.0-180.0 180.0   5.0 450.0                            LAT/LON1/LON2/DLON/H
  237  208  178  158  148  143  138  131  121  111  102   95   91   88   86   84
   81   81   80   78   75   72   71   71   69   66   61   56   51   47   43   40
   38   36   35   36   41   53   70   90  110  127  142  158  177  195  212  226
  239  252  265  278  289  297  304  306  308  311  317  324  330  331  327  320
  313  309  308  308  305  296  281  262  237
     7.5-180.0 180.0   5.0 450.0                            LAT/LON1/LON2/DLON/H
  245  217  189  169  158  154  148  141  131  120  111  104   99   95   91   88
   85   84   82   78   75   72   71   72   71   68   64   58   53   49   46   43
   40   37   36   37   43   56   73   93  111  127  143  159  177  195  211  226
  238  249  260  270  278  284  289  293  297  301  307  312  317  319  318  315
  312  309  306  304  302  295  285  268  245
     5.0-180.0 180.0   5.0 450.0                            LAT/LON1/LON2/DLON/H
  247  221  195  177  167  161  154  145  135  125  117  110  105  101   96   93
   88   86   83   79   75   73   73   74   74   72   67   62   57   53   50   47
   43   40   38   39   46   59   76   94  112  127  140  156  173  191  207  221
  232  242  250  256  262  268  275  281  289  296  303  308  311  314  315  316
  315  312  306  300  296  290  282  268  247
     2.5-180.0 180.0   5.0 450.0                            LAT/LON1/LON2/DLON/H
  244  222  200  184  174  166  156  146  135  125  118  112  107  103   99   94
   90   87   84   80   76   75   76   78   78   75   71   65   61   58   55   51
   47   44   41   42   48   61   79   97  112  125  138  152  168  185  200  213
  223  231  237  242  247  254  263  275  287  299  308  313  315  318  320  324
  324  320  310  299  290  284  275  262  244
