igsg/igsg0340.17i
     1.0            IONOSPHERE MAPS     MIX                 IONEX VERSION / TYPE
cmpcmb v1.2          GRL/UWM            21-feb-17 15:51     PGM / RUN BY / DATE 
ionex file containing IGS COMBINED Ionosphere maps          COMMENT             
global ionosphere maps for day 034, 2017                    DESCRIPTION         
IONEX file containing the COMBINED IGS TEC MAPS and DCBs    DESCRIPTION         
      IONEX files of the following IAACs were combined: cod DESCRIPTION         
                                                        esa DESCRIPTION         
                                                        jpl DESCRIPTION         
Contact address: Andrzej Krankowski                         DESCRIPTION
                 Geodynamics Research Laboratory            DESCRIPTION
                 University of Warmia and Mazury (GRL/UWM)  DESCRIPTION
                 Oczapowski St. 1                           DESCRIPTION
                 10-957-Olsztyn, POLAND                     DESCRIPTION
                 e-mail:  kand@uwm.edu.pl                   DESCRIPTION
                                                            DESCRIPTION         
  2017     2     3     0     0     0                        EPOCH OF FIRST MAP  
  2017     2     4     0     0     0                        EPOCH OF LAST MAP   
  7200                                                      INTERVAL            
    13                                                      # OF MAPS IN FILE   
  COSZ                                                      MAPPING FUNCTION    
     0.0                                                    ELEVATION CUTOFF    
combined TEC calculated as weighted mean of input TEC valuesOBSERVABLES USED    
   368                                                      # OF STATIONS       
    32                                                      # OF SATELLITES     
  6371.0                                                    BASE RADIUS         
     2                                                      MAP DIMENSION       
   450.0 450.0   0.0                                        HGT1 / HGT2 / DHGT  
    87.5 -87.5  -2.5                                        LAT1 / LAT2 / DLAT  
  -180.0 180.0   5.0                                        LON1 / LON2 / DLON  
    -1                                                      EXPONENT            
TEC values in 0.1 tec units;  9999, if no value available   COMMENT             
DCB values in nanoseconds, reference is Sum_of_SatDCBs = 0  COMMENT             
                                                            END OF HEADER       
[from data line 2574]
     7                                                      START OF TEC MAP    
  2017     2     3    12     0     0                        EPOCH OF CURRENT MAP
    87.5-180.0 180.0   5.0 450.0                            LAT/LON1/LON2/DLON/H
   40   40   39   39   39   38   38   38   37   37   37   37   36   36   36   35
   35   35   35   35   34   34   34   34   34   34   34   34   34   34   34   34
   35   35   35   35   35   35   35   35   35   35   35   35   35   35   36   36
   36   36   36   37   37   37   38   38   38   39   39   39   40   40   40   40
   40   40   40   40   40   40   40   40   40
    85.0-180.0 180.0   5.0 450.0                            LAT/LON1/LON2/DLON/H
   42   42   41   41   40   39   39   37   37   36   35   35   34   34   33   32
   32   31   31   31   31   31   32   32   32   32   33   33   33   33   34   34
   34   35   35   35   35   35   35   35   34   34   34   34   34   34   34   34
   34   34   35   35   36   36   37   38   38   39   40   40   41   42   42   43
   43   43   43   44   44   43   43   43   42
    82.5-180.0 180.0   5.0 450.0                            LAT/LON1/LON2/DLON/H
   43   42   42   41   40   39   38   37   35   34   33   32   31   30   29   29
   28   28   28   28   28   29   30   30   31   32   33   34   35   36   36   37
   37   37   38   37   37   37   36   36   35   34   34   33   33   32   32   32
   32   32   32   33   34   34   35   36   37   38   39   40   41   42   43   43
   44   44   44   44   45   44   44   44   43
    80.0-180.0 180.0   5.0 450.0                            LAT/LON1/LON2/DLON/H
   42   41   40   39   38   38   36   34   33   32   31   29   28   27   26   26
   25   25   25   26   27   28   28   30   32   33   35   37   38   39   41   42
   43   43   43   43   42   42   40   39   38   37   35   34   33   32   31   31
   31   31   31   31   32   32   33   34   36   37   38   39   40   41   41   42
   43   43   43   43   43   43   43   42   42
    77.5-180.0 180.0   5.0 450.0                            LAT/LON1/LON2/DLON/H
   38   38   37   37   36   35   34   33   31   30   28   27   26   25   24   24
   23   24   25   25   26   28   30   32   34   36   38   41   43   45   47   48
   50   50   50   50   49   48   46   44   42   40   38   37   35   33   32   31
   31   31   31   31   31   31   32   32   33   34   35   36   37   38   39   39
   39   39   39   39   39   39   39   39   38
    75.0-180.0 180.0   5.0 450.0                            LAT/LON1/LON2/DLON/H
   34   34   34   34   33   33   32   31   30   28   27   26   25   24   24   23
   24   24   25   27   28   30   32   34   37   39   42   45   48   50   53   54
   56   57   58   57   56   55   53   51   48   46   44   41   39   38   37   35
   35   34   33   32   32   31   31   31   31   32   32   33   33   34   34   34
   34   34   34   34   33   34   33   34   34
    72.5-180.0 180.0   5.0 450.0                            LAT/LON1/LON2/DLON/H
   29   30   31   31   32   32   31   30   29   28   27   26   25   25   25   25
   26   27   28   29   31   33   35   37   40   42   45   48   51   53   56   59
   61   63   64   64   64   62   60   58   55   53   50   48   46   44   43   42
   40   39   38   36   34   33   31   30   29   29   29   30   29   30   29   30
   29   29   28   28   28   28   28   29   29
    70.0-180.0 180.0   5.0 450.0                            LAT/LON1/LON2/DLON/H
   26   28   29   30   30   31   30   30   29   28   27   26   26   26   27   27
   29   29   31   32   34   35   38   40   42   44   46   49   52   55   58   60
   64   66   68   70   70   69   67   65   62   60   58   55   54   53   52   50
   49   47   44   41   38   35   32   29   27   26   26   26   26   26   26   26
   25   25   24   24   23   23   24   25   26
    67.5-180.0 180.0   5.0 450.0                            LAT/LON1/LON2/DLON/H
   25   27   28   29   31   31   31   30   29   27   27   26   27   28   29   30
   32   33   34   35   36   37   38   40   42   44   46   48   51   54   57   60
   64   68   71   73   74   74   72   71   69   67   65   64   63   62   61   60
   58   55   51   47   42   37   32   28   25   24   23   22   23   23   23   23
   23   22   21   21   21   21   22   23   25
    65.0-180.0 180.0   5.0 450.0                            LAT/LON1/LON2/DLON/H
   25   26   28   29   30   31   30   30   28   27   26   26   27   28   30   32
   33   35   36   36   36   37   37   39   41   42   44   45   48   51   55   59
   64   68   72   75   77   77   77   76   74   73   71   71   71   71   70   69
   67   63   59   52   46   39   32   28   24   22   21   21   21   22   22   22
   22   22   22   22   21   22   23   23   25
    62.5-180.0 180.0   5.0 450.0                            LAT/LON1/LON2/DLON/H
   26   28   29   30   31   31   30   28   27   26   25   25   26   28   31   32
   34   35   35   35   34   34   35   37   38   40   41   43   46   49   54   59
   64   69   73   76   78   80   80   79   79   78   77   77   77   78   78   77
   75   70   64   57   49   41   33   27   23   21   20   21   21   22   22   23
   23   24   24   24   24   24   25   25   26
    60.0-180.0 180.0   5.0 450.0                            LAT/LON1/LON2/DLON/H
   28   29   30   31   31   31   30   28   26   24   24   24   25   27   30   32
   33   33   33   32   31   31   32   34   35   37   40   42   45   49   54   59
   65   70   74   77   79   81   82   82   82   83   83   83   84   85   85   84
   81   76   70   61   52   43   35   29   25   23   22   22   22   23   24   25
   26   27   27   27   28   27   28   28   28
    57.5-180.0 180.0   5.0 450.0                            LAT/LON1/LON2/DLON/H
   31   31   32   32   31   31   30   27   25   24   22   23   24   25   28   29
   30   30   29   28   28   28   29   32   35   37   40   43   47   52   57   63
   68   73   76   79   81   82   84   85   86   87   88   89   90   91   91   90
   87   81   74   65   56   47   39   33   29   27   26   26   27   27   27   27
   29   29   30   31   31   31   31   31   31
    55.0-180.0 180.0   5.0 450.0                            LAT/LON1/LON2/DLON/H
   34   34   34   34   33   32   30   28   25   23   22   23   23   24   25   26
   26   27   26   25   24   26   28   32   35   39   42   46   51   56   62   68
   72   76   78   80   81   83   85   87   90   92   94   95   97   98   97   96
   92   86   79   70   61   53   46   40   37   35   34   33   33   32   32   31
   32   33   33   34   35   35   35   34   34
    52.5-180.0 180.0   5.0 450.0                            LAT/LON1/LON2/DLON/H
   38   37   38   37   36   35   33   30   27   26   25   24   24   24   24   24
   24   23   22   22   23   25   29   34   38   43   47   52   57   63   69   74
   77   78   79   80   82   84   87   91   95   98  101  103  105  105  104  102
   98   92   85   77   69   62   55   51   48   46   44   43   41   40   38   36
   36   36   37   38   38   39   39   38   38
    50.0-180.0 180.0   5.0 450.0                            LAT/LON1/LON2/DLON/H
   42   42   42   42   41   40   37   34   32   31   30   28   27   26   24   23
   22   22   21   21   23   27   32   38   43   48   53   59   65   71   76   80
   81   81   79   80   81   84   89   95  100  105  109  112  114  114  113  109
  104   99   92   86   79   73   67   64   60   58   56   54   51   48   45   43
   41   40   41   41   43   43   43   42   42
    47.5-180.0 180.0   5.0 450.0                            LAT/LON1/LON2/DLON/H
   47   47   47   48   47   45   42   40   38   37   37   36   34   31   27   25
   24   23   23   24   26   31   37   43   49   54   60   66   72   79   84   87
   86   83   81   80   82   87   93  100  108  114  120  123  125  124  122  118
  113  107  101   95   90   85   80   76   73   70   67   65   61   58   54   51
   48   46   45   46   47   47   47   47   47
    45.0-180.0 180.0   5.0 450.0                            LAT/LON1/LON2/DLON/H
   52   52   53   54   54   51   49   46   45   45   46   45   43   38   34   30
   28   27   27   28   31   36   42   49   55   60   66   72   79   86   91   93
   92   88   84   84   86   92   99  108  117  125  131  136  137  136  132  126
  120  115  110  105  100   97   92   88   84   80   77   74   71   67   64   59
   55   52   50   51   52   52   52   52   52
    42.5-180.0 180.0   5.0 450.0                            LAT/LON1/LON2/DLON/H
   55   56   58   59   59   57   54   52   52   54   55   56   53   48   42   37
   35   33   33   34   37   42   48   55   61   66   71   77   85   93   99  101
  100   97   94   94   96  103  110  119  128  137  144  148  149  146  142  135
  128  122  118  113  110  106  102   97   92   87   83   80   78   75   72   68
   62   58   55   55   56   56   56   56   55
    40.0-180.0 180.0   5.0 450.0                            LAT/LON1/LON2/DLON/H
   58   59   61   63   63   61   58   57   58   60   64   66   63   58   52   46
   43   41   41   42   44   48   55   61   66   71   76   83   92  101  108  113
  114  113  111  112  115  120  126  134  142  150  157  160  159  156  150  142
  134  128  123  120  117  113  108  102   96   90   86   84   82   80   78   75
   69   63   59   58   58   59   59   58   58
    37.5-180.0 180.0   5.0 450.0                            LAT/LON1/LON2/DLON/H
   58   59   61   64   64   63   61   59   61   65   70   74   72   67   61   55
   51   50   49   49   51   54   61   67   72   76   81   88   98  108  118  127
  133  137  139  141  143  145  147  152  159  165  171  172  169  163  156  147
  139  132  128  125  122  118  113  106   99   92   87   84   84   84   82   79
   73   66   61   60   60   60   60   59   58
    35.0-180.0 180.0   5.0 450.0                            LAT/LON1/LON2/DLON/H
   57   58   60   62   63   62   60   59   62   68   74   78   78   75   69   63
   59   57   55   55   57   61   68   74   79   83   87   94  104  117  130  145
  158  168  175  178  177  174  172  173  176  180  183  183  178  170  161  152
  143  137  133  130  128  123  117  109  100   93   87   85   84   85   84   80
   74   68   62   60   60   60   59   58   57
    32.5-180.0 180.0   5.0 450.0                            LAT/LON1/LON2/DLON/H
   54   54   57   59   61   60   59   58   61   67   74   80   80   78   73   69
   64   62   60   60   62   67   75   82   87   91   94  101  111  125  143  165
  187  204  215  219  215  206  198  194  194  196  196  193  186  176  167  158
  150  143  139  136  134  130  123  114  104   95   89   86   85   85   83   80
   74   68   63   61   61   61   59   56   54
    30.0-180.0 180.0   5.0 450.0                            LAT/LON1/LON2/DLON/H
   52   52   54   57   58   58   57   56   59   64   71   77   80   79   75   71
   67   64   62   63   67   74   83   91   97  100  103  108  118  134  156  184
  214  240  256  260  252  237  223  215  211  211  209  204  195  185  176  167
  160  153  149  147  144  140  133  123  112  102   95   90   88   86   84   80
   74   69   65   64   64   62   59   55   52
    27.5-180.0 180.0   5.0 450.0                            LAT/LON1/LON2/DLON/H
   53   52   53   55   56   56   55   55   56   61   66   72   75   75   74   71
   67   64   63   65   72   81   92  101  107  111  113  117  126  142  168  202
  239  271  291  295  284  263  244  232  227  226  223  216  207  197  189  181
  174  168  164  162  159  155  147  137  125  115  106  100   95   91   87   82
   77   73   71   71   70   68   63   57   53
    25.0-180.0 180.0   5.0 450.0                            LAT/LON1/LON2/DLON/H
   57   55   54   55   57   57   57   55   54   56   60   65   68   70   70   68
   65   62   62   67   76   88  101  110  118  121  123  127  135  152  180  217
  258  295  318  322  307  282  259  246  241  239  236  230  221  213  206  201
  194  188  185  183  180  175  166  155  143  133  122  114  107  101   95   89
   84   80   80   81   80   77   70   63   57
    22.5-180.0 180.0   5.0 450.0                            LAT/LON1/LON2/DLON/H
   65   61   59   59   60   60   59   57   55   53   54   57   61   63   65   64
   61   59   60   68   81   95  109  119  127  132  134  137  146  163  190  229
  271  309  334  338  322  294  270  257  252  252  250  245  239  232  228  225
  220  215  210  208  205  200  190  179  166  155  144  134  124  115  107  100
   95   92   92   94   93   88   79   71   65
    20.0-180.0 180.0   5.0 450.0                            LAT/LON1/LON2/DLON/H
   74   69   66   64   65   65   64   61   56   52   50   51   54   57   60   60
   58   56   59   69   84  100  115  126  135  140  144  149  158  174  201  237
  278  316  340  344  328  300  277  265  263  264  264  261  257  254  253  252
  249  244  240  236  232  226  217  205  192  180  168  157  146  135  125  117
  111  107  107  108  107  100   90   81   74
    17.5-180.0 180.0   5.0 450.0                            LAT/LON1/LON2/DLON/H
   83   77   73   70   70   70   69   65   59   52   47   46   49   52   56   56
   54   54   59   70   87  105  120  132  140  148  155  162  173  188  212  244
  281  315  337  341  327  303  284  275  274  277  278  277  276  276  277  279
  277  273  268  264  259  252  242  229  216  203  191  179  166  156  146  136
  129  123  122  121  118  110  100   90   83
    15.0-180.0 180.0   5.0 450.0                            LAT/LON1/LON2/DLON/H
   88   82   77   74   73   73   72   68   61   53   47   44   46   49   52   54
   52   52   58   72   89  108  123  135  145  155  165  176  188  203  224  250
  282  310  330  335  324  307  292  287  288  291  293  294  293  295  299  303
  302  298  293  287  280  273  262  248  235  222  209  196  185  174  165  155
  146  138  134  131  125  116  105   95   88
    12.5-180.0 180.0   5.0 450.0                            LAT/LON1/LON2/DLON/H
   88   82   77   73   72   73   72   69   62   55   48   45   45   47   51   52
   51   52   58   72   90  109  125  137  149  162  175  189  204  219  236  257
  281  304  321  327  322  313  305  303  305  307  308  308  309  311  316  320
  320  316  309  301  294  284  273  260  246  232  219  206  196  188  180  170
  160  150  141  135  126  116  105   95   88
    10.0-180.0 180.0   5.0 450.0                            LAT/LON1/LON2/DLON/H
   84   78   72   68   67   68   68   66   60   54   48   45   45   47   50   51
   51   51   58   73   91  110  126  140  153  169  186  202  219  233  247  263
  280  299  314  323  325  323  323  324  325  324  323  321  321  321  325  328
  328  322  314  305  296  286  274  261  247  233  219  207  199  193  188  180
  169  156  145  134  123  111  100   90   84
     7.5-180.0 180.0   5.0 450.0                            LAT/LON1/LON2/DLON/H
   76   70   64   60   59   60   60   59   55   51   48   46   45   47   49   50
   50   51   59   73   92  110  127  142  157  176  194  213  231  245  257  268
  281  295  310  323  332  340  345  347  346  341  336  331  328  325  327  327
  325  318  308  298  287  277  265  252  239  225  212  200  194  191  189  183
  172  158  143  129  117  104   92   83   76
     5.0-180.0 180.0   5.0 450.0                            LAT/LON1/LON2/DLON/H
   69   63   56   51   50   51   51   50   48   46   45   45   45   46   48   48
   49   51   59   73   92  111  129  146  163  182  201  221  239  252  263  271
  281  294  310  328  344  358  367  369  363  354  344  336  329  324  320  317
  312  303  293  281  271  260  250  239  227  213  200  190  185  184  185  181
  170  155  140  124  110   96   85   76   69
     2.5-180.0 180.0   5.0 450.0                            LAT/LON1/LON2/DLON/H
   65   58   51   46   44   43   42   40   40   40   41   42   43   44   46   46
   47   50   59   74   93  113  132  149  168  187  206  224  241  254  263  271
  281  294  313  334  356  374  384  384  375  361  348  337  327  316  307  300
  291  282  271  261  250  242  233  225  214  202  189  180  176  177  178  175
  167  153  137  121  106   92   81   72   65
