igsg/igsg0200.17i
     1.0            IONOSPHERE MAPS     MIX                 IONEX VERSION / TYPE
cmpcmb v1.2          GRL/UWM             5-feb-17 19:47     PGM / RUN BY / DATE 
ionex file containing IGS COMBINED Ionosphere maps          COMMENT             
global ionosphere maps for day 020, 2017                    DESCRIPTION         
IONEX file containing the COMBINED IGS TEC MAPS and DCBs    DESCRIPTION         
      IONEX files of the following IAACs were combined: cod DESCRIPTION         
                                                        jpl DESCRIPTION         
Contact address: Andrzej Krankowski                         DESCRIPTION
                 Geodynamics Research Laboratory            DESCRIPTION
                 University of Warmia and Mazury (GRL/UWM)  DESCRIPTION
                 Oczapowski St. 1                           DESCRIPTION
                 10-957-Olsztyn, POLAND                     DESCRIPTION
                 e-mail:  kand@uwm.edu.pl                   DESCRIPTION
                                                            DESCRIPTION         
  2017     1    20     0     0     0                        EPOCH OF FIRST MAP  
  2017     1    21     0     0     0                        EPOCH OF LAST MAP   
  7200                                                      INTERVAL            
    13                                                      # OF MAPS IN FILE   
  COSZ                                                      MAPPING FUNCTION    
     0.0                                                    ELEVATION CUTOFF    
combined TEC calculated as weighted mean of input TEC valuesOBSERVABLES USED    
   305                                                      # OF STATIONS       
    32                                                      # OF SATELLITES     
  6371.0                                                    BASE RADIUS         
     2                                                      MAP DIMENSION       
   450.0 450.0   0.0                                        HGT1 / HGT2 / DHGT  
    87.5 -87.5  -2.5                                        LAT1 / LAT2 / DLAT  
  -180.0 180.0   5.0                                        LON1 / LON2 / DLON  
    -1                                                      EXPONENT            
TEC values in 0.1 tec units;  9999, if no value available   COMMENT             
DCB values in nanoseconds, reference is Sum_of_SatDCBs = 0  COMMENT             
                                                            END OF HEADER       
[from data line 858]
     3                                                      START OF TEC MAP    
  2017     1    20     4     0     0                        EPOCH OF CURRENT MAP
    87.5-180.0 180.0   5.0 450.0                            LAT/LON1/LON2/DLON/H
   33   33   34   34   34   34   34   34   34   34   34   34   34   34   34   34
   34   34   33   33   33   33   33   32   32   32   32   32   32   31   31   31
   31   31   31   31   31   31   31   31   30   30   30   31   31   31   31   30
   30   31   31   31   31   30   31   31   31   31   31   31   31   31   31   32
   32   32   32   32   33   33   33   33   33
    85.0-180.0 180.0   5.0 450.0                            LAT/LON1/LON2/DLON/H
   32   33   33   34   34   34   35   35   35   35   35   35   35   35   34   34
   33   32   32   31   31   30   29   29   28   28   28   27   27   27   27   27
   28   28   28   28   28   29   29   29   29   29   29   29   28   29   29   28
   28   28   28   28   28   27   27   27   28   28   28   28   28   29   29   29
   29   29   30   30   31   31   31   32   32
    82.5-180.0 180.0   5.0 450.0                            LAT/LON1/LON2/DLON/H
   30   30   31   32   32   33   34   34   35   35   35   34   34   34   33   33
   31   30   29   28   26   26   25   24   23   23   23   23   23   23   24   24
   25   26   26   27   27   28   28   28   29   29   28   28   27   27   26   26
   26   25   25   25   24   25   25   25   25   26   26   26   26   26   27   27
   27   27   27   27   27   28   29   29   30
    80.0-180.0 180.0   5.0 450.0                            LAT/LON1/LON2/DLON/H
   26   27   28   29   29   30   31   32   33   34   34   34   34   33   32   30
   29   28   26   24   23   22   21   20   19   19   18   19   19   20   21   22
   23   24   26   26   27   28   29   29   29   29   28   27   27   26   25   24
   23   23   23   23   23   23   24   24   25   26   26   26   27   27   27   27
   27   27   27   26   26   26   26   26   26
    77.5-180.0 180.0   5.0 450.0                            LAT/LON1/LON2/DLON/H
   25   25   25   26   27   27   28   30   31   32   32   33   33   32   31   30
   28   27   24   23   21   20   19   17   17   16   17   17   18   18   20   21
   23   24   26   27   28   29   30   30   30   29   29   27   26   25   24   22
   22   21   22   22   23   24   25   26   28   29   30   31   31   32   32   32
   31   30   29   29   28   27   26   25   25
    75.0-180.0 180.0   5.0 450.0                            LAT/LON1/LON2/DLON/H
   26   24   24   24   24   25   26   26   28   30   30   31   31   31   30   29
   27   26   24   23   21   20   19   18   18   17   18   19   19   20   21   23
   24   25   27   28   29   30   30   30   30   30   29   27   26   24   23   22
   21   21   22   23   25   27   30   32   34   36   38   39   40   40   40   40
   39   37   36   34   32   30   29   27   26
    72.5-180.0 180.0   5.0 450.0                            LAT/LON1/LON2/DLON/H
   29   27   25   24   23   23   23   24   25   27   28   29   29   29   29   28
   27   26   25   24   23   22   22   22   22   21   21   21   22   23   25   25
   26   27   28   30   30   30   30   30   29   29   28   26   24   23   21   21
   21   21   23   26   29   32   36   39   42   45   47   48   49   50   50   50
   49   48   46   43   40   38   35   32   29
    70.0-180.0 180.0   5.0 450.0                            LAT/LON1/LON2/DLON/H
   36   32   29   26   23   22   22   23   23   24   25   26   26   26   26   27
   26   26   26   26   26   26   26   26   26   26   26   26   26   26   27   28
   28   29   29   29   29   29   29   28   27   27   26   24   23   22   21   21
   22   23   26   30   34   38   42   46   50   54   56   58   60   60   60   60
   59   58   56   53   51   48   43   40   36
    67.5-180.0 180.0   5.0 450.0                            LAT/LON1/LON2/DLON/H
   44   39   33   29   25   23   22   22   22   23   23   24   24   24   25   25
   25   26   27   27   28   29   30   31   31   31   30   29   29   28   28   29
   29   29   29   28   27   26   25   24   23   23   23   22   21   21   20   21
   22   25   29   34   39   45   49   54   57   60   63   65   67   68   69   69
   68   67   66   64   61   57   53   49   44
    65.0-180.0 180.0   5.0 450.0                            LAT/LON1/LON2/DLON/H
   52   45   39   33   29   25   23   22   21   22   21   22   22   22   23   24
   25   26   26   27   29   30   32   32   32   32   32   30   30   29   29   29
   28   28   26   25   23   22   20   19   19   19   20   19   19   19   21   22
   24   28   33   39   45   50   55   58   61   64   66   69   71   73   74   74
   74   74   72   71   69   66   62   57   52
    62.5-180.0 180.0   5.0 450.0                            LAT/LON1/LON2/DLON/H
   59   52   44   38   32   27   25   23   22   21   21   20   20   21   22   23
   24   25   26   27   28   29   31   32   32   32   31   30   28   27   27   27
   26   25   23   21   18   16   15   15   15   16   17   18   18   19   21   23
   26   31   38   44   51   56   59   62   64   66   68   70   73   74   75   76
   77   77   76   75   74   73   69   65   59
    60.0-180.0 180.0   5.0 450.0                            LAT/LON1/LON2/DLON/H
   65   57   49   42   36   31   27   25   23   22   21   20   20   20   21   22
   23   24   24   25   25   26   27   28   29   29   28   27   26   25   25   26
   25   24   22   19   15   13   11   11   13   15   16   18   19   20   22   25
   29   35   43   50   57   61   64   65   66   67   69   71   73   75   76   78
   78   78   78   78   78   76   74   70   65
    57.5-180.0 180.0   5.0 450.0                            LAT/LON1/LON2/DLON/H
   70   62   55   47   41   35   31   28   25   24   22   21   20   20   21   22
   23   24   24   23   22   23   23   24   25   26   26   25   24   24   25   26
   26   25   22   18   14   12   11   11   13   16   18   20   22   22   24   27
   32   40   48   57   64   68   70   70   70   71   72   73   75   77   78   79
   80   80   81   81   80   80   79   76   70
    55.0-180.0 180.0   5.0 450.0                            LAT/LON1/LON2/DLON/H
   76   69   61   53   46   40   36   32   29   26   24   23   21   21   22   23
   24   24   23   21   19   18   19   21   22   24   26   26   26   26   28   29
   30   29   26   22   18   15   14   15   18   22   24   26   27   27   28   31
   37   46   55   65   73   77   79   78   77   77   77   78   80   81   82   82
   83   84   84   85   85   85   83   80   76
    52.5-180.0 180.0   5.0 450.0                            LAT/LON1/LON2/DLON/H
   82   76   68   60   53   47   42   38   33   30   28   26   24   24   24   25
   26   27   25   22   19   17   17   19   22   26   28   30   31   32   33   34
   35   35   32   29   25   23   22   24   26   30   33   34   34   33   34   38
   44   53   64   74   83   88   89   89   87   87   87   88   89   89   90   90
   90   91   92   92   92   91   90   87   82
    50.0-180.0 180.0   5.0 450.0                            LAT/LON1/LON2/DLON/H
   90   84   76   68   62   55   50   44   39   35   32   30   28   28   27   28
   30   30   28   24   20   18   19   22   26   31   35   37   38   39   41   42
   43   43   41   38   36   34   33   35   37   40   43   44   43   42   43   46
   53   63   74   85   94   99  100  100  100   99   99   99   99   98   98   98
   99  100  101  101  101  100   98   95   90
    47.5-180.0 180.0   5.0 450.0                            LAT/LON1/LON2/DLON/H
  100   93   86   78   71   63   57   51   45   41   38   36   34   33   32   33
   35   35   33   30   27   24   25   28   34   40   44   47   48   48   49   50
   51   51   50   48   47   46   46   46   48   51   53   54   54   53   53   57
   63   74   85   96  104  109  111  112  111  112  111  111  109  108  106  106
  107  108  110  111  109  108  106  104  100
    45.0-180.0 180.0   5.0 450.0                            LAT/LON1/LON2/DLON/H
  107  101   95   87   79   72   64   57   52   47   45   43   41   39   38   38
   41   42   42   40   36   34   35   39   44   50   55   57   57   57   57   58
   58   58   58   57   57   57   57   57   59   60   63   64   64   65   65   69
   75   85   96  105  113  117  119  120  121  122  121  119  116  113  112  111
  112  114  116  117  116  115  113  111  107
    42.5-180.0 180.0   5.0 450.0                            LAT/LON1/LON2/DLON/H
  112  108  102   94   87   78   69   62   56   54   52   52   50   47   45   45
   48   52   53   52   50   48   48   51   56   61   66   66   66   63   63   62
   62   63   63   63   65   65   65   65   65   67   70   72   74   76   78   81
   87   96  104  112  117  120  122  123  126  128  127  124  119  116  113  112
  113  115  117  119  119  117  116  115  112
    40.0-180.0 180.0   5.0 450.0                            LAT/LON1/LON2/DLON/H
  113  110  105   99   91   81   72   65   60   58   59   61   59   56   53   53
   57   62   66   67   66   64   63   64   68   71   73   73   70   67   65   65
   64   64   65   66   68   69   69   69   69   71   75   79   83   87   90   93
   98  104  110  115  119  120  121  123  127  130  130  126  120  115  112  111
  111  112  114  116  117  116  115  114  113
    37.5-180.0 180.0   5.0 450.0                            LAT/LON1/LON2/DLON/H
  110  107  105   99   92   82   73   66   62   62   65   69   69   67   64   64
   67   73   79   82   82   79   77   76   76   78   77   74   71   67   65   64
   64   64   64   65   67   69   70   70   71   73   78   84   90   95   98  102
  106  110  114  116  117  117  118  121  127  132  133  129  122  116  113  111
  110  110  111  113  114  112  111  110  110
    35.0-180.0 180.0   5.0 450.0                            LAT/LON1/LON2/DLON/H
  104  102  100   95   89   80   71   64   62   64   69   75   78   78   75   75
   78   84   90   95   96   94   89   85   83   81   78   74   69   65   63   63
   64   64   63   64   65   67   68   69   70   73   79   86   94  101  106  109
  111  113  115  115  115  114  116  121  129  136  139  135  130  124  120  117
  114  112  112  114  113  111  108  106  104
    32.5-180.0 180.0   5.0 450.0                            LAT/LON1/LON2/DLON/H
  101   97   95   91   85   76   68   62   60   64   72   79   86   87   86   85
   87   93   99  104  106  102   97   91   85   81   76   70   65   61   61   62
   64   63   62   61   61   64   65   66   68   71   78   86   96  104  109  113
  115  116  116  115  115  116  119  126  137  146  151  150  146  142  138  134
  130  126  124  124  122  117  111  105  101
    30.0-180.0 180.0   5.0 450.0                            LAT/LON1/LON2/DLON/H
  105   97   92   87   81   73   65   60   59   63   71   82   90   95   94   93
   94   98  104  109  111  107  100   93   85   79   73   67   62   59   61   64
   66   66   63   60   59   60   61   63   65   69   76   85   95  104  110  114
  116  117  118  118  119  123  130  140  152  164  172  175  174  172  168  164
  157  152  149  147  143  134  124  114  105
    27.5-180.0 180.0   5.0 450.0                            LAT/LON1/LON2/DLON/H
  120  106   96   88   81   72   64   59   58   62   69   81   91   97   99   98
   98  100  105  109  111  107  100   92   83   76   70   65   61   60   63   68
   71   71   67   61   58   57   58   59   61   65   72   82   92  102  110  115
  117  119  120  123  129  137  147  160  175  188  198  206  210  210  207  201
  195  189  186  183  176  164  150  135  120
    25.0-180.0 180.0   5.0 450.0                            LAT/LON1/LON2/DLON/H
  148  126  108   96   86   76   67   61   59   61   67   77   88   96   98   98
   97   99  102  105  106  104   97   90   81   74   70   65   63   64   69   75
   79   78   72   65   58   56   55   56   57   61   67   76   88   99  108  114
  118  122  127  133  144  157  172  187  202  216  229  240  248  250  248  243
  236  230  227  224  217  204  187  168  148
    22.5-180.0 180.0   5.0 450.0                            LAT/LON1/LON2/DLON/H
  184  156  130  111   98   85   75   67   63   62   65   73   83   91   94   94
   94   94   96   99   99   98   93   87   80   75   71   68   68   71   76   83
   87   85   78   69   60   55   53   52   53   56   62   71   82   94  105  114
  121  127  135  147  162  181  199  216  230  244  258  271  282  287  286  280
  273  268  266  264  258  245  228  209  184
    20.0-180.0 180.0   5.0 450.0                            LAT/LON1/LON2/DLON/H
  224  189  157  133  117  101   88   78   71   67   66   71   79   85   88   88
   88   89   90   91   91   91   89   84   80   76   73   72   74   78   84   90
   93   91   83   71   62   54   50   49   49   51   56   65   77   91  104  115
  124  133  145  161  182  206  226  244  256  268  281  295  307  312  310  305
  298  295  296  296  292  281  267  249  224
    17.5-180.0 180.0   5.0 450.0                            LAT/LON1/LON2/DLON/H
  257  220  184  159  140  122  105   93   84   76   72   73   78   82   84   84
   84   85   86   85   85   85   85   82   80   78   77   76   78   83   89   94
   96   93   85   73   62   54   48   44   44   45   51   60   74   89  104  117
  128  140  155  175  201  227  250  266  277  286  296  309  320  324  321  315
  309  307  309  312  311  305  296  282  257
    15.0-180.0 180.0   5.0 450.0                            LAT/LON1/LON2/DLON/H
  278  244  208  183  165  145  126  110   99   90   83   81   83   84   84   84
   85   86   85   83   82   82   82   82   82   80   79   79   81   85   91   94
   94   91   84   73   61   52   46   41   39   41   47   57   72   89  105  119
  133  147  164  188  215  244  266  282  290  296  302  312  321  323  319  313
  307  306  310  315  316  314  310  300  278
    12.5-180.0 180.0   5.0 450.0                            LAT/LON1/LON2/DLON/H
  286  255  225  204  188  168  146  128  116  106   98   94   93   92   90   89
   90   92   90   87   85   83   84   85   84   82   81   80   81   84   88   89
   89   86   80   71   60   51   43   38   35   37   43   56   72   91  108  123
  137  153  171  195  224  252  275  289  296  299  302  308  312  312  308  302
  297  297  301  307  311  312  310  303  286
    10.0-180.0 180.0   5.0 450.0                            LAT/LON1/LON2/DLON/H
  282  258  233  219  207  189  166  147  133  123  115  110  108  105  102  101
  102  103  101   97   93   90   90   90   88   85   82   80   79   80   82   82
   81   79   74   68   59   49   41   36   32   34   43   57   75   94  112  127
  141  156  174  198  226  253  275  289  296  297  298  298  297  296  292  288
  286  287  291  297  302  304  303  297  282
     7.5-180.0 180.0   5.0 450.0                            LAT/LON1/LON2/DLON/H
  273  254  238  230  222  205  183  162  149  139  132  127  123  119  116  115
  116  118  116  112  106  102   99   97   94   89   83   79   77   76   76   75
   73   72   69   65   57   48   40   34   31   34   43   59   79   98  115  129
  143  157  175  196  221  246  268  283  292  295  293  289  284  281  279  279
  280  282  286  291  295  296  294  287  273
     5.0-180.0 180.0   5.0 450.0                            LAT/LON1/LON2/DLON/H
  265  249  238  237  233  219  197  177  162  152  146  141  138  133  130  129
  130  132  131  127  122  116  112  108  102   94   85   79   75   73   71   70
   68   67   66   62   55   47   40   34   32   35   47   64   84  102  117  131
  143  156  172  191  214  236  257  275  287  293  292  284  276  272  272  277
  282  286  290  293  297  296  290  279  265
     2.5-180.0 180.0   5.0 450.0                            LAT/LON1/LON2/DLON/H
  263  248  241  242  242  230  210  189  173  163  157  152  148  143  140  139
  141  142  143  140  135  129  124  119  112  100   89   81   76   73   71   68
   66   65   65   61   54   47   40   36   34   39   51   69   89  105  119  131
  142  154  167  184  204  224  246  267  284  295  295  286  276  272  276  284
  293  299  302  305  307  304  294  279  263
