igsg/igsg0200.17i
     1.0            IONOSPHERE MAPS     MIX                 IONEX VERSION / TYPE
cmpcmb v1.2          GRL/UWM             5-feb-17 19:47     PGM / RUN BY / DATE 
ionex file containing IGS COMBINED Ionosphere maps          COMMENT             
global ionosphere maps for day 020, 2017                    DESCRIPTION         
IONEX file containing the COMBINED IGS TEC MAPS and DCBs    DESCRIPTION         
      IONEX files of the following IAACs were combined: cod DESCRIPTION         
                                                        jpl DESCRIPTION         
Contact address: Andrzej Krankowski                         DESCRIPTION
                 Geodynamics Research Laboratory            DESCRIPTION
                 University of Warmia and Mazury (GRL/UWM)  DESCRIPTION
                 Oczapowski St. 1                           DESCRIPTION
                 10-957-Olsztyn, POLAND                     DESCRIPTION
                 e-mail:  kand@uwm.edu.pl                   DESCRIPTION
                                                            DESCRIPTION         
  2017     1    20     0     0     0                        EPOCH OF FIRST MAP  
  2017     1    21     0     0     0                        EPOCH OF LAST MAP   
  7200                                                      INTERVAL            
    13                                                      # OF MAPS IN FILE   
  COSZ                                                      MAPPING FUNCTION    
     0.0                                                    ELEVATION CUTOFF    
combined TEC calculated as weighted mean of input TEC valuesOBSERVABLES USED    
   305                                                      # OF STATIONS       
    32                                                      # OF SATELLITES     
  6371.0                                                    BASE RADIUS         
     2                                                      MAP DIMENSION       
   450.0 450.0   0.0                                        HGT1 / HGT2 / DHGT  
    87.5 -87.5  -2.5                                        LAT1 / LAT2 / DLAT  
  -180.0 180.0   5.0                                        LON1 / LON2 / DLON  
    -1                                                      EXPONENT            
TEC values in 0.1 tec units;  9999, if no value available   COMMENT             
DCB values in nanoseconds, reference is Sum_of_SatDCBs = 0  COMMENT             
                                                            END OF HEADER       
     1                                                      START OF TEC MAP    
  2017     1    20     0     0     0                        EPOCH OF CURRENT MAP
    87.5-180.0 180.0   5.0 450.0                            LAT/LON1/LON2/DLON/H
   33   33   33   34   34   34   34   34   34   33   33   33   32   32   31   31
   30   30   29   29   28   28   27   26   26   25   25   25   24   24   23   23
   23   23   23   23   23   23   23   23   23   23   23   23   24   24   24   25
   25   25   26   26   26   26   27   27   28   28   29   29   29   29   30   30
   31   31   32   32   32   32   33   33   33
    85.0-180.0 180.0   5.0 450.0                            LAT/LON1/LON2/DLON/H
   37   37   38   38   39   39   39   39   39   39   39   38   37   36   35   34
   33   32   30   29   28   27   25   24   23   22   21   21   20   19   19   19
   18   18   18   18   18   18   18   18   18   19   19   20   20   21   21   22
   22   23   24   24   25   25   25   26   26   27   28   28   29   29   30   31
   31   32   32   33   34   35   35   36   37
    82.5-180.0 180.0   5.0 450.0                            LAT/LON1/LON2/DLON/H
   38   39   40   40   41   42   42   43   43   43   42   42   41   40   38   37
   35   33   31   29   27   26   23   22   20   19   18   17   16   15   15   15
   15   15   15   15   15   16   16   17   17   18   18   18   19   19   20   20
   21   21   22   23   23   24   24   25   25   26   26   27   27   28   28   29
   30   30   32   33   33   34   36   37   38
    80.0-180.0 180.0   5.0 450.0                            LAT/LON1/LON2/DLON/H
   38   39   40   42   43   45   46   46   47   47   46   46   45   43   41   39
   37   35   32   30   27   25   23   20   19   17   16   15   14   14   14   14
   14   15   15   16   16   17   17   18   18   18   19   19   20   20   21   21
   21   22   22   23   23   23   24   24   24   24   24   24   24   25   25   26
   27   28   29   30   32   33   34   36   38
    77.5-180.0 180.0   5.0 450.0                            LAT/LON1/LON2/DLON/H
   36   39   41   43   44   46   48   49   50   50   49   49   48   46   43   41
   38   36   33   30   27   25   23   21   19   17   16   15   14   14   15   15
   16   17   18   19   20   21   22   22   22   22   22   22   22   22   22   23
   23   24   24   24   24   23   24   23   22   22   21   21   21   21   22   22
   23   25   26   28   30   31   33   34   36
    75.0-180.0 180.0   5.0 450.0                            LAT/LON1/LON2/DLON/H
   36   39   41   43   45   47   49   51   52   52   51   51   49   47   45   42
   39   37   34   31   29   27   24   23   21   18   17   17   16   17   17   18
   19   21   23   24   25   25   26   26   25   25   24   24   24   24   24   24
   24   24   25   25   25   24   23   22   21   20   19   19   18   19   19   20
   21   22   24   26   28   30   32   34   36
    72.5-180.0 180.0   5.0 450.0                            LAT/LON1/LON2/DLON/H
   38   40   43   45   48   49   51   52   53   54   54   52   51   49   46   44
   40   37   35   33   31   29   27   25   23   21   20   19   19   19   20   21
   23   24   26   27   28   29   29   28   27   27   26   25   25   25   24   25
   25   25   25   26   25   25   23   22   20   19   17   17   16   17   18   19
   21   23   25   26   29   31   33   36   38
    70.0-180.0 180.0   5.0 450.0                            LAT/LON1/LON2/DLON/H
   42   44   46   48   50   52   53   55   56   56   55   54   52   50   47   44
   41   39   36   34   33   31   30   28   26   25   23   22   21   21   22   23
   24   26   28   29   30   30   30   29   28   26   25   24   24   24   24   24
   25   25   25   25   25   24   23   21   19   17   17   16   16   17   19   21
   23   25   28   30   32   35   37   40   42
    67.5-180.0 180.0   5.0 450.0                            LAT/LON1/LON2/DLON/H
   48   50   52   53   54   55   56   57   57   57   57   56   54   51   48   45
   42   39   36   34   34   33   32   30   28   26   25   23   22   22   22   23
   24   26   27   28   28   28   27   25   24   23   22   22   22   22   22   22
   23   23   24   24   24   23   22   20   19   17   16   16   17   19   22   25
   28   31   33   36   39   41   43   46   48
    65.0-180.0 180.0   5.0 450.0                            LAT/LON1/LON2/DLON/H
   56   57   58   59   59   59   58   58   59   58   58   58   56   53   50   46
   42   38   36   34   34   33   32   31   29   26   24   23   22   22   22   23
   24   24   25   25   24   23   22   20   19   18   18   18   19   19   20   20
   20   21   21   22   22   21   20   19   17   16   17   18   20   24   27   31
   35   38   40   43   46   49   51   53   56
    62.5-180.0 180.0   5.0 450.0                            LAT/LON1/LON2/DLON/H
   64   64   65   65   64   62   61   60   59   59   59   59   57   55   52   47
   43   39   36   33   33   32   31   30   27   25   23   22   22   21   22   22
   23   23   23   21   20   18   16   14   13   13   14   16   17   17   18   17
   18   18   18   19   20   20   19   18   18   18   19   21   25   29   34   39
   43   46   49   52   54   57   59   62   64
    60.0-180.0 180.0   5.0 450.0                            LAT/LON1/LON2/DLON/H
   72   73   74   72   70   67   64   61   59   59   59   59   58   57   54   50
   44   40   36   33   31   30   28   27   25   23   21   21   22   22   23   24
   23   23   21   19   17   14   12   11   11   12   15   17   18   19   18   17
   16   15   16   17   18   19   19   19   19   20   22   25   30   36   42   47
   51   54   57   60   63   65   68   71   72
    57.5-180.0 180.0   5.0 450.0                            LAT/LON1/LON2/DLON/H
   81   83   83   82   78   74   70   65   61   59   59   59   59   58   57   53
   48   42   37   33   30   28   25   23   21   21   21   22   24   26   27   27
   27   26   23   20   17   14   12   12   13   16   19   22   24   23   22   19
   17   15   16   16   18   19   20   21   22   24   27   30   36   42   48   53
   58   62   65   68   71   74   76   79   81
    55.0-180.0 180.0   5.0 450.0                            LAT/LON1/LON2/DLON/H
   91   93   94   93   90   85   79   72   66   61   59   59   60   60   59   56
   52   46   40   35   30   26   23   21   20   21   23   26   29   31   33   33
   33   31   28   25   22   19   17   18   20   24   28   31   32   31   29   25
   21   19   18   19   21   22   24   26   27   29   33   37   42   47   53   59
   63   68   71   75   79   82   86   89   91
    52.5-180.0 180.0   5.0 450.0                            LAT/LON1/LON2/DLON/H
  101  103  105  105  104   99   92   82   74   67   62   61   62   63   63   60
   56   51   45   38   33   27   23   21   21   24   28   32   37   39   41   41
   41   39   37   34   30   28   28   29   32   36   40   43   44   42   39   34
   29   26   25   25   27   28   30   32   34   36   39   43   47   52   57   62
   66   71   76   81   86   90   95   98  101
    50.0-180.0 180.0   5.0 450.0                            LAT/LON1/LON2/DLON/H
  110  113  116  119  118  114  107   97   86   76   69   66   65   66   66   65
   61   57   51   45   38   32   27   24   25   29   35   41   45   48   49   49
   49   48   46   44   42   40   39   41   43   48   52   55   56   54   51   46
   41   37   34   34   35   36   38   40   42   44   47   50   53   56   60   64
   68   74   80   87   93   99  103  106  110
    47.5-180.0 180.0   5.0 450.0                            LAT/LON1/LON2/DLON/H
  117  121  126  130  130  128  122  112  100   89   79   73   71   70   70   69
   66   63   59   54   47   40   34   32   33   37   44   50   54   56   56   56
   56   56   56   55   54   52   51   52   55   57   61   65   67   67   65   60
   54   49   46   44   44   44   45   47   50   53   55   57   58   60   61   65
   70   76   84   92  100  106  110  113  117
    45.0-180.0 180.0   5.0 450.0                            LAT/LON1/LON2/DLON/H
  122  126  131  135  138  137  133  125  114  102   92   83   79   76   75   74
   71   69   67   65   59   53   47   43   43   47   54   59   62   61   60   60
   60   62   63   65   64   62   61   60   62   64   68   72   75   77   77   74
   68   62   57   54   52   52   53   55   58   60   63   64   65   64   65   67
   72   79   88   97  106  111  115  119  122
    42.5-180.0 180.0   5.0 450.0                            LAT/LON1/LON2/DLON/H
  123  126  130  134  136  137  137  133  126  116  105   96   89   85   82   79
   77   76   77   77   75   69   62   57   56   58   63   66   66   64   62   60
   62   65   68   70   71   69   66   65   65   67   71   76   81   85   86   85
   79   73   66   60   58   56   58   60   64   68   71   71   71   70   69   71
   76   83   92  101  109  115  117  120  123
    40.0-180.0 180.0   5.0 450.0                            LAT/LON1/LON2/DLON/H
  120  123  126  127  129  130  132  134  132  126  118  109  101   96   91   87
   83   83   86   90   90   86   78   72   68   68   70   71   69   65   61   59
   61   65   69   72   73   71   68   66   66   68   71   78   84   90   93   91
   86   79   71   65   60   59   60   63   68   73   77   78   77   76   75   76
   80   88   97  105  112  115  117  118  120
    37.5-180.0 180.0   5.0 450.0                            LAT/LON1/LON2/DLON/H
  116  119  119  119  117  117  122  128  132  133  129  120  113  107  102   95
   90   91   96  102  105  100   93   84   78   75   74   73   69   64   60   58
   61   65   69   72   72   70   67   66   65   67   72   79   85   92   95   93
   88   81   73   66   61   59   60   65   71   77   82   84   84   82   81   82
   86   94  102  108  113  114  115  115  116
    35.0-180.0 180.0   5.0 450.0                            LAT/LON1/LON2/DLON/H
  115  116  116  112  107  105  109  119  129  135  135  130  124  119  113  106
  100   98  104  112  115  111  102   91   83   78   75   73   68   63   60   59
   61   65   69   71   70   68   66   64   65   68   73   79   85   91   93   91
   86   78   71   64   59   57   59   63   71   79   85   90   90   88   87   88
   93   99  106  111  114  114  115  115  115
    32.5-180.0 180.0   5.0 450.0                            LAT/LON1/LON2/DLON/H
  121  122  121  115  106   99  100  111  125  135  139  136  134  131  126  119
  110  106  111  117  120  115  105   92   82   76   73   71   68   65   63   63
   64   68   70   71   70   67   65   64   66   70   75   80   85   88   89   86
   80   73   66   60   55   53   56   61   69   79   88   93   95   94   93   94
   98  105  110  115  117  119  119  120  121
    30.0-180.0 180.0   5.0 450.0                            LAT/LON1/LON2/DLON/H
  137  139  138  132  119  107  102  110  124  136  141  140  140  140  137  131
  121  114  115  118  119  112  100   87   77   71   69   69   69   69   69   69
   70   72   74   74   71   68   66   66   69   74   78   82   84   85   83   78
   72   66   61   55   52   50   52   57   67   78   89   96   99   99   98   99
  103  109  115  120  124  128  132  135  137
    27.5-180.0 180.0   5.0 450.0                            LAT/LON1/LON2/DLON/H
  168  172  172  166  150  132  119  121  130  138  142  142  143  146  147  140
  129  120  116  116  114  104   92   78   69   66   67   70   73   76   78   79
   79   80   79   79   76   72   70   70   73   77   81   82   82   79   75   70
   64   58   54   51   48   47   49   54   64   76   90   99  104  104  103  104
  108  114  121  128  136  145  154  162  168
    25.0-180.0 180.0   5.0 450.0                            LAT/LON1/LON2/DLON/H
  212  219  221  216  200  176  157  148  147  148  145  143  145  150  153  147
  135  123  116  112  106   95   82   70   63   64   69   75   82   87   90   90
   89   87   87   86   82   78   75   75   77   80   82   81   78   73   68   62
   56   52   49   47   45   45   47   52   62   76   91  103  108  109  108  109
  112  119  127  137  151  168  185  200  212
    22.5-180.0 180.0   5.0 450.0                            LAT/LON1/LON2/DLON/H
  262  273  279  277  264  239  212  192  178  167  155  148  148  152  155  150
  137  123  113  107   99   87   75   66   64   68   76   85   95  101  103  101
   97   95   93   92   89   84   80   78   79   81   81   77   72   66   61   55
   50   46   45   44   43   43   45   51   62   77   94  107  114  116  116  115
  118  124  134  149  168  193  220  243  262
    20.0-180.0 180.0   5.0 450.0                            LAT/LON1/LON2/DLON/H
  308  325  335  340  336  315  283  250  222  196  173  158  154  156  157  151
  137  122  111  103   94   83   73   68   71   79   91  101  110  115  115  110
  104   99   98   98   95   89   84   82   81   80   77   71   65   59   54   49
   45   43   41   41   41   41   44   51   64   81   98  113  122  125  125  124
  126  132  143  160  185  216  251  284  308
    17.5-180.0 180.0   5.0 450.0                            LAT/LON1/LON2/DLON/H
  342  363  378  392  400  390  358  316  273  233  199  177  167  164  161  152
  138  123  111  103   94   85   78   78   85   97  109  119  126  128  125  117
  107  101  100  100   99   94   88   83   80   76   71   65   57   52   48   44
   41   40   40   39   39   40   43   53   67   85  104  120  130  135  135  135
  136  141  153  170  198  234  275  312  342
    15.0-180.0 180.0   5.0 450.0                            LAT/LON1/LON2/DLON/H
  355  378  398  423  446  449  423  377  324  274  232  204  188  178  170  159
  143  128  115  107   99   92   89   94  104  118  129  136  138  137  130  119
  108  100   99  101  100   96   89   82   78   72   65   58   51   47   44   42
   40   39   38   38   38   38   43   55   71   90  109  126  139  146  147  147
  148  153  163  180  208  244  286  324  355
    12.5-180.0 180.0   5.0 450.0                            LAT/LON1/LON2/DLON/H
  346  367  391  425  464  482  465  422  366  311  267  236  216  200  186  172
  155  139  126  117  110  104  105  112  125  137  145  147  146  140  131  119
  107   98   96  100  100   95   88   80   74   68   61   53   47   44   42   40
   39   38   38   38   36   37   44   57   75   95  114  132  147  155  158  158
  160  164  173  189  214  248  286  320  346
    10.0-180.0 180.0   5.0 450.0                            LAT/LON1/LON2/DLON/H
  323  337  358  397  446  479  476  441  390  339  297  269  247  227  209  193
  176  160  145  134  125  122  124  133  144  152  155  151  146  138  128  117
  105   96   95   98   99   94   85   77   70   63   57   51   46   43   41   40
   39   39   39   38   37   37   44   60   79   99  118  136  152  163  167  168
  171  175  184  198  220  250  279  305  323
     7.5-180.0 180.0   5.0 450.0                            LAT/LON1/LON2/DLON/H
  295  299  314  350  402  444  453  432  393  352  320  298  277  256  236  220
  205  187  170  156  145  141  144  151  158  161  157  148  140  132  125  117
  106   98   96   98   97   91   82   73   67   61   57   51   46   43   42   40
   41   41   40   39   37   38   46   61   81  101  119  137  154  166  172  175
  179  184  193  208  227  251  273  288  295
     5.0-180.0 180.0   5.0 450.0                            LAT/LON1/LON2/DLON/H
  273  267  272  301  348  391  410  401  378  351  332  318  302  281  262  249
  236  218  198  181  167  161  162  167  167  163  153  142  132  127  124  118
  110  102   99   99   96   88   78   69   64   60   57   53   49   46   44   42
   42   43   42   40   39   40   48   64   83  101  118  135  151  165  173  179
  184  191  202  217  236  257  272  277  273
     2.5-180.0 180.0   5.0 450.0                            LAT/LON1/LON2/DLON/H
  267  253  247  264  301  339  362  364  354  341  334  329  318  300  285  275
  266  249  227  206  189  179  178  177  171  161  147  133  126  124  124  123
  118  110  105  101   96   85   74   66   62   61   60   57   53   49   46   45
   45   45   45   43   41   43   51   65   83   99  114  131  146  161  171  179
  186  195  209  227  247  265  278  278  267
