igsg/igsg0200.17i
     1.0            IONOSPHERE MAPS     MIX                 IONEX VERSION / TYPE
cmpcmb v1.2          GRL/UWM             5-feb-17 19:47     PGM / RUN BY / DATE 
ionex file containing IGS COMBINED Ionosphere maps          COMMENT             
global ionosphere maps for day 020, 2017                    DESCRIPTION         
IONEX file containing the COMBINED IGS TEC MAPS and DCBs    DESCRIPTION         
      IONEX files of the following IAACs were combined: cod DESCRIPTION         
                                                        jpl DESCRIPTION         
Contact address: Andrzej Krankowski                         DESCRIPTION
                 Geodynamics Research Laboratory            DESCRIPTION
                 University of Warmia and Mazury (GRL/UWM)  DESCRIPTION
                 Oczapowski St. 1                           DESCRIPTION
                 10-957-Olsztyn, POLAND                     DESCRIPTION
                 e-mail:  kand@uwm.edu.pl                   DESCRIPTION
                                                            DESCRIPTION         
  2017     1    20     0     0     0                        EPOCH OF FIRST MAP  
  2017     1    21     0     0     0                        EPOCH OF LAST MAP   
  7200                                                      INTERVAL            
    13                                                      # OF MAPS IN FILE   
  COSZ                                                      MAPPING FUNCTION    
     0.0                                                    ELEVATION CUTOFF    
combined TEC calculated as weighted mean of input TEC valuesOBSERVABLES USED    
   305                                                      # OF STATIONS       
    32                                                      # OF SATELLITES     
  6371.0                                                    BASE RADIUS         
     2                                                      MAP DIMENSION       
   450.0 450.0   0.0                                        HGT1 / HGT2 / DHGT  
    87.5 -87.5  -2.5                                        LAT1 / LAT2 / DLAT  
  -180.0 180.0   5.0                                        LON1 / LON2 / DLON  
    -1                                                      EXPONENT            
TEC values in 0.1 tec units;  9999, if no value available   COMMENT             
DCB values in nanoseconds, reference is Sum_of_SatDCBs = 0  COMMENT             
                                                            END OF HEADER       
[from data line 1287]
     4                                                      START OF TEC MAP    
  2017     1    20     6     0     0                        EPOCH OF CURRENT MAP
    87.5-180.0 180.0   5.0 450.0                            LAT/LON1/LON2/DLON/H
   28   28   28   28   29   29   30   30   30   30   30   31   31   31   31   31
   31   31   31   31   31   31   31   31   31   31   31   31   31   31   31   31
   31   31   31   31   31   31   30   30   30   30   30   30   29   29   28   28
   28   28   28   27   27   27   26   26   26   26   26   26   26   25   25   25
   25   26   26   26   26   27   27   27   28
    85.0-180.0 180.0   5.0 450.0                            LAT/LON1/LON2/DLON/H
   25   26   27   28   28   29   30   30   31   31   32   32   31   31   31   31
   31   31   31   31   30   30   30   29   29   30   30   30   30   30   30   30
   31   31   31   31   31   31   31   30   30   30   30   29   28   27   27   27
   26   25   25   24   24   23   23   22   22   21   21   20   20   20   20   20
   20   20   21   21   22   22   23   25   25
    82.5-180.0 180.0   5.0 450.0                            LAT/LON1/LON2/DLON/H
   22   23   25   26   27   28   29   30   31   31   31   31   31   31   30   30
   29   29   28   27   27   26   26   26   26   26   26   27   27   28   28   29
   29   30   30   30   31   31   30   30   30   29   28   28   27   27   27   26
   25   25   24   24   23   22   22   21   20   19   18   17   17   16   16   16
   16   16   16   17   18   19   19   21   22
    80.0-180.0 180.0   5.0 450.0                            LAT/LON1/LON2/DLON/H
   19   21   22   24   26   27   28   29   29   30   31   30   30   29   29   27
   26   25   24   23   23   22   22   21   21   21   22   23   24   25   26   27
   28   29   29   30   30   30   30   29   29   28   28   27   27   26   26   26
   26   26   26   26   25   25   24   23   22   21   20   19   18   17   16   15
   15   14   15   15   15   16   17   18   19
    77.5-180.0 180.0   5.0 450.0                            LAT/LON1/LON2/DLON/H
   18   19   20   22   23   25   26   27   28   28   29   29   28   27   26   25
   24   23   22   20   20   19   19   18   18   19   20   21   22   23   25   27
   28   29   29   30   30   30   30   29   28   27   27   26   26   26   27   28
   29   30   31   31   32   32   32   31   30   29   28   26   24   23   21   19
   18   17   16   16   16   16   16   17   18
    75.0-180.0 180.0   5.0 450.0                            LAT/LON1/LON2/DLON/H
   17   18   19   20   22   23   24   25   26   27   27   27   26   25   25   23
   22   21   20   19   19   19   18   18   18   19   19   20   21   23   24   26
   28   29   30   30   30   29   29   28   27   26   25   25   26   27   29   31
   33   36   38   40   41   43   43   43   42   41   39   38   35   33   31   29
   27   24   22   21   19   18   18   17   17
    72.5-180.0 180.0   5.0 450.0                            LAT/LON1/LON2/DLON/H
   19   19   19   19   20   21   22   23   24   25   25   25   25   24   23   23
   22   21   21   21   20   20   20   20   20   20   21   21   22   23   25   27
   28   28   29   29   29   28   27   26   25   24   24   24   26   28   31   35
   39   43   46   50   53   55   56   56   56   55   53   51   48   46   43   40
   37   34   32   29   26   24   22   20   19
    70.0-180.0 180.0   5.0 450.0                            LAT/LON1/LON2/DLON/H
   23   21   20   19   19   19   20   21   22   23   23   23   23   23   23   23
   22   22   23   23   24   24   23   23   23   23   23   23   24   24   25   26
   27   27   28   28   27   26   25   24   22   22   22   24   26   30   34   39
   45   50   56   60   64   66   68   68   68   67   65   63   60   58   55   52
   49   46   42   38   34   31   28   25   23
    67.5-180.0 180.0   5.0 450.0                            LAT/LON1/LON2/DLON/H
   27   24   23   20   20   19   19   20   20   21   22   22   22   22   22   23
   23   24   25   26   27   28   28   27   26   25   24   24   24   24   25   25
   25   26   26   25   24   23   21   20   19   20   21   24   27   32   37   43
   50   56   62   67   71   73   75   75   75   75   73   71   69   66   64   61
   58   54   50   46   42   38   35   31   27
    65.0-180.0 180.0   5.0 450.0                            LAT/LON1/LON2/DLON/H
   33   28   26   23   21   20   19   20   20   20   20   21   21   21   22   22
   24   25   26   28   29   30   29   28   26   25   24   24   24   24   24   24
   23   23   22   21   20   18   17   16   16   18   20   24   29   34   40   47
   54   60   66   70   74   76   77   78   77   77   76   74   72   70   69   67
   64   60   57   53   49   45   40   36   33
    62.5-180.0 180.0   5.0 450.0                            LAT/LON1/LON2/DLON/H
   37   34   30   27   25   22   21   21   21   21   20   20   20   20   21   22
   23   25   26   28   29   29   28   27   25   23   23   22   23   23   23   22
   22   20   19   17   15   14   13   13   14   17   21   26   31   37   44   51
   57   63   68   72   75   76   77   77   76   75   75   74   72   71   70   68
   66   64   60   57   54   50   45   41   37
    60.0-180.0 180.0   5.0 450.0                            LAT/LON1/LON2/DLON/H
   42   38   35   32   29   27   25   24   22   22   21   20   20   20   20   21
   22   23   24   25   26   26   26   24   22   21   20   21   22   22   22   21
   20   18   17   14   13   11   11   12   14   18   24   30   36   43   49   55
   60   65   70   73   74   75   75   74   75   74   73   72   72   71   70   69
   68   66   62   59   55   52   48   45   42
    57.5-180.0 180.0   5.0 450.0                            LAT/LON1/LON2/DLON/H
   46   43   40   37   35   32   30   28   25   24   22   20   20   19   19   20
   21   21   22   22   22   22   21   20   19   19   20   21   21   22   22   22
   21   18   16   14   12   10   11   13   16   23   29   36   42   49   54   60
   65   70   74   76   77   77   76   75   74   74   74   73   72   72   71   70
   69   66   63   60   57   54   51   49   46
    55.0-180.0 180.0   5.0 450.0                            LAT/LON1/LON2/DLON/H
   50   48   46   44   41   39   35   32   29   26   24   21   20   19   19   21
   21   20   20   19   18   18   18   18   19   20   22   23   25   25   25   24
   23   21   19   16   15   14   14   17   23   29   37   44   51   57   62   68
   73   77   81   83   83   83   81   80   79   79   79   79   78   77   76   74
   72   69   66   63   60   56   53   51   50
    52.5-180.0 180.0   5.0 450.0                            LAT/LON1/LON2/DLON/H
   53   51   51   50   47   45   42   38   34   30   26   23   21   21   21   22
   22   21   18   17   15   16   17   19   22   24   27   29   30   31   30   29
   28   26   25   23   21   21   22   26   31   39   46   53   60   67   72   78
   84   89   92   94   95   93   91   89   87   87   87   87   87   85   84   81
   78   74   71   67   63   60   57   54   53
    50.0-180.0 180.0   5.0 450.0                            LAT/LON1/LON2/DLON/H
   56   55   55   54   53   51   48   44   39   33   29   26   25   24   25   26
   25   23   21   18   17   17   19   23   29   32   36   37   38   37   36   35
   34   33   33   32   32   32   33   36   42   49   57   64   71   78   84   91
   97  103  107  110  110  108  104  100   98   97   97   97   97   95   93   90
   86   82   77   73   70   65   61   58   56
    47.5-180.0 180.0   5.0 450.0                            LAT/LON1/LON2/DLON/H
   58   57   57   58   58   56   53   49   44   38   34   31   29   30   31   32
   31   29   26   24   23   24   27   33   38   43   46   47   46   44   41   40
   41   42   42   43   44   44   44   47   53   60   69   76   82   89   96  105
  112  119  123  125  124  121  116  111  108  106  106  106  105  103  102   98
   94   90   85   81   77   72   66   61   58
    45.0-180.0 180.0   5.0 450.0                            LAT/LON1/LON2/DLON/H
   60   58   58   58   59   59   57   54   49   44   40   38   37   37   39   40
   41   39   37   35   34   35   38   44   50   55   57   56   53   49   46   45
   46   49   52   54   56   55   56   58   64   72   79   86   93  100  108  118
  127  133  138  138  137  131  126  119  115  111  110  109  109  108  107  105
  101   97   93   89   85   79   71   65   60
    42.5-180.0 180.0   5.0 450.0                            LAT/LON1/LON2/DLON/H
   61   58   57   58   58   59   59   57   53   50   47   46   47   48   49   51
   52   53   51   50   50   50   52   57   63   67   67   64   58   52   48   48
   51   55   59   63   65   65   65   67   74   82   90   97  104  110  120  129
  138  144  147  147  143  137  130  123  117  112  109  108  108  108  108  107
  105  101   97   95   90   84   76   68   61
    40.0-180.0 180.0   5.0 450.0                            LAT/LON1/LON2/DLON/H
   62   58   56   56   57   58   58   58   57   55   55   56   57   60   61   64
   66   67   68   68   67   66   67   70   74   76   74   69   61   54   50   50
   53   58   63   68   70   70   71   73   80   90   99  106  112  119  128  137
  144  149  150  149  144  138  130  125  119  113  109  106  106  108  109  108
  106  103  100   97   94   88   80   70   62
    37.5-180.0 180.0   5.0 450.0                            LAT/LON1/LON2/DLON/H
   63   57   55   54   53   55   56   58   59   60   62   65   69   72   74   76
   79   82   85   86   85   82   79   80   81   81   77   71   62   54   51   51
   54   60   65   70   72   73   74   77   86   97  106  113  119  126  134  140
  146  149  150  148  144  138  134  131  127  121  115  111  111  112  113  112
  109  105  101   98   95   89   81   71   63
    35.0-180.0 180.0   5.0 450.0                            LAT/LON1/LON2/DLON/H
   63   57   54   52   51   52   54   57   60   63   68   73   79   83   85   87
   90   94   98  101  100   95   90   86   84   82   77   70   62   55   51   52
   55   60   65   69   71   73   75   80   89  101  112  118  124  131  136  141
  145  147  149  148  146  144  144  145  144  141  135  130  129  128  127  124
  119  113  106  101   96   90   82   72   63
    32.5-180.0 180.0   5.0 450.0                            LAT/LON1/LON2/DLON/H
   65   58   55   52   50   50   52   55   59   65   71   79   86   92   95   95
   98  103  109  112  111  104   95   89   84   80   75   68   61   56   54   54
   56   60   63   66   69   71   75   82   92  105  115  122  128  133  138  142
  144  146  149  153  156  161  167  173  178  178  174  169  165  161  155  148
  139  129  119  109  100   92   84   74   65
    30.0-180.0 180.0   5.0 450.0                            LAT/LON1/LON2/DLON/H
   67   61   57   53   50   48   49   53   58   64   72   81   90   97  100  101
  102  106  113  118  117  108   97   88   81   77   72   66   61   57   56   57
   58   60   62   64   66   69   74   83   95  108  118  125  131  137  141  143
  145  149  156  166  177  189  202  216  227  231  229  224  217  208  197  185
  171  157  141  124  110   99   89   78   67
    27.5-180.0 180.0   5.0 450.0                            LAT/LON1/LON2/DLON/H
   73   66   61   57   53   50   50   52   56   61   69   80   90   98  101  101
  102  107  113  119  117  110   97   86   78   73   68   65   62   60   60   60
   61   61   61   62   63   67   74   85   98  111  121  128  134  140  145  148
  152  159  171  188  206  226  246  265  281  289  290  286  277  263  247  229
  212  194  172  148  127  111   97   84   73
    25.0-180.0 180.0   5.0 450.0                            LAT/LON1/LON2/DLON/H
   81   72   67   63   58   54   53   53   54   58   65   74   86   94   98   99
   99  103  110  116  116  108   96   85   75   70   67   65   64   63   64   64
   63   62   60   59   61   66   74   87  101  114  124  131  138  146  152  157
  163  174  192  215  241  266  290  313  332  343  347  343  332  315  295  273
  254  234  208  178  149  128  111   95   81
    22.5-180.0 180.0   5.0 450.0                            LAT/LON1/LON2/DLON/H
   93   82   75   71   66   60   58   56   56   57   61   69   79   89   93   94
   94   97  103  109  111  105   95   84   74   69   66   65   66   66   66   66
   64   62   60   58   60   65   74   89  103  117  128  136  144  154  162  169
  179  195  216  244  273  300  326  348  367  380  386  383  371  352  330  309
  291  271  243  208  174  149  129  109   93
    20.0-180.0 180.0   5.0 450.0                            LAT/LON1/LON2/DLON/H
  106   93   86   80   75   70   66   63   61   59   60   65   74   83   88   89
   89   91   96  102  104  101   94   84   76   70   67   66   67   67   67   66
   64   62   59   57   58   64   75   90  107  121  133  143  153  163  173  184
  197  215  240  268  297  323  344  362  378  391  398  396  384  367  347  329
  314  298  271  235  200  173  149  126  106
    17.5-180.0 180.0   5.0 450.0                            LAT/LON1/LON2/DLON/H
  122  106   97   91   85   80   76   73   70   66   64   66   72   80   84   86
   85   85   89   94   97   97   93   86   78   72   68   66   67   66   66   65
   63   61   58   56   57   63   75   92  110  125  138  150  161  173  185  199
  214  234  259  286  310  330  344  356  367  378  384  383  374  359  344  331
  322  310  288  255  222  195  170  145  122
    15.0-180.0 180.0   5.0 450.0                            LAT/LON1/LON2/DLON/H
  140  121  110  103   97   92   89   86   83   78   74   73   76   81   84   85
   83   82   84   87   91   93   92   87   80   73   68   65   65   65   63   63
   61   59   57   54   55   61   75   93  112  129  144  156  169  182  196  211
  228  249  271  293  312  324  331  335  340  346  351  351  345  335  327  321
  317  310  293  267  239  215  191  165  140
    12.5-180.0 180.0   5.0 450.0                            LAT/LON1/LON2/DLON/H
  157  136  122  113  108  103  100   98   96   92   88   85   85   87   89   88
   85   82   82   84   87   90   91   88   82   74   67   63   62   61   60   59
   59   58   56   53   53   61   75   94  114  132  148  161  175  189  203  220
  237  255  274  292  304  309  308  305  305  308  312  312  307  304  302  303
  304  301  291  272  251  231  210  184  157
    10.0-180.0 180.0   5.0 450.0                            LAT/LON1/LON2/DLON/H
  174  150  134  124  117  112  110  108  107  105  101   97   96   97   96   94
   90   86   83   84   86   88   91   88   81   73   65   61   59   58   57   57
   57   57   54   52   53   60   75   95  116  134  151  165  178  192  207  223
  238  255  271  284  290  290  285  279  275  276  278  277  275  276  281  287
  290  290  284  272  258  243  226  201  174
     7.5-180.0 180.0   5.0 450.0                            LAT/LON1/LON2/DLON/H
  188  163  144  132  124  120  116  115  115  114  112  109  107  106  105  101
   96   93   89   87   87   89   90   87   80   70   62   58   56   56   55   55
   56   56   54   51   52   60   76   96  117  136  152  166  179  192  206  220
  234  248  261  271  276  274  268  263  260  260  259  258  257  262  273  281
  284  283  279  271  263  252  237  215  188
     5.0-180.0 180.0   5.0 450.0                            LAT/LON1/LON2/DLON/H
  199  174  153  139  132  126  120  117  116  117  118  116  114  113  110  106
  103  100   96   93   92   91   90   86   78   69   61   57   55   54   54   54
   56   56   54   52   53   61   77   97  118  136  152  165  176  188  200  213
  224  236  248  258  264  265  264  263  263  264  262  258  257  265  279  288
  287  282  277  271  265  258  245  225  199
     2.5-180.0 180.0   5.0 450.0                            LAT/LON1/LON2/DLON/H
  207  182  160  146  138  130  123  117  114  115  117  118  117  115  111  108
  107  106  105  101   97   94   91   85   78   69   61   56   54   53   54   55
   56   56   54   52   55   64   79   99  118  135  150  162  172  182  193  203
  212  221  233  246  259  265  271  279  286  289  287  280  278  285  299  306
  300  289  280  273  268  261  250  231  207
