igsg/igsg0390.17i
     1.0            IONOSPHERE MAPS     MIX                 IONEX VERSION / TYPE
cmpcmb v1.2          GRL/UWM            25-feb-17 16:11     PGM / RUN BY / DATE 
ionex file containing IGS COMBINED Ionosphere maps          COMMENT             
global ionosphere maps for day 039, 2017                    DESCRIPTION         
IONEX file containing the COMBINED IGS TEC MAPS and DCBs    DESCRIPTION         
      IONEX files of the following IAACs were combined: cod DESCRIPTION         
                                                        jpl DESCRIPTION         
Contact address: Andrzej Krankowski                         DESCRIPTION
                 Geodynamics Research Laboratory            DESCRIPTION
                 University of Warmia and Mazury (GRL/UWM)  DESCRIPTION
                 Oczapowski St. 1                           DESCRIPTION
                 10-957-Olsztyn, POLAND                     DESCRIPTION
                 e-mail:  kand@uwm.edu.pl                   DESCRIPTION
                                                            DESCRIPTION         
  2017     2     8     0     0     0                        EPOCH OF FIRST MAP  
  2017     2     9     0     0     0                        EPOCH OF LAST MAP   
  7200                                                      INTERVAL            
    13                                                      # OF MAPS IN FILE   
  COSZ                                                      MAPPING FUNCTION    
     0.0                                                    ELEVATION CUTOFF    
combined TEC calculated as weighted mean of input TEC valuesOBSERVABLES USED    
   329                                                      # OF STATIONS       
    32                                                      # OF SATELLITES     
  6371.0                                                    BASE RADIUS         
     2                                                      MAP DIMENSION       
   450.0 450.0   0.0                                        HGT1 / HGT2 / DHGT  
    87.5 -87.5  -2.5                                        LAT1 / LAT2 / DLAT  
  -180.0 180.0   5.0                                        LON1 / LON2 / DLON  
    -1                                                      EXPONENT            
TEC values in 0.1 tec units;  9999, if no value available   COMMENT             
DCB values in nanoseconds, reference is Sum_of_SatDCBs = 0  COMMENT             
                                                            END OF HEADER       
[from data line 1716]
     5                                                      START OF TEC MAP    
  2017     2     8     8     0     0                        EPOCH OF CURRENT MAP
    87.5-180.0 180.0   5.0 450.0                            LAT/LON1/LON2/DLON/H
   18   18   18   18   18   18   18   18   18   18   18   18   19   19   19   19
   19   20   20   20   20   21   21   21   22   22   22   23   23   23   23   23
   23   24   24   24   24   24   24   24   24   24   24   24   24   24   24   24
   24   24   23   23   23   23   22   22   22   21   21   21   20   20   19   19
   19   19   19   18   18   18   18   18   18
    85.0-180.0 180.0   5.0 450.0                            LAT/LON1/LON2/DLON/H
   16   16   16   16   16   17   17   17   17   17   17   17   17   18   18   18
   19   19   19   20   20   20   21   21   22   22   22   23   23   24   24   25
   25   25   26   26   27   27   28   28   28   28   29   29   29   29   29   28
   28   28   28   27   27   26   25   24   24   23   22   21   21   20   19   18
   17   17   17   16   16   15   16   16   16
    82.5-180.0 180.0   5.0 450.0                            LAT/LON1/LON2/DLON/H
   14   14   15   16   16   16   16   17   17   17   17   17   17   17   17   17
   17   18   18   19   20   20   21   22   22   23   24   25   25   26   26   27
   27   27   28   29   29   30   31   31   32   32   32   33   34   34   34   34
   34   34   34   33   33   32   31   30   28   27   25   24   22   21   20   18
   17   16   15   15   15   15   14   14   14
    80.0-180.0 180.0   5.0 450.0                            LAT/LON1/LON2/DLON/H
   14   15   16   16   17   18   18   18   18   17   17   16   16   16   16   16
   16   17   17   18   19   20   21   22   23   24   24   25   26   27   27   27
   28   28   29   30   30   31   32   33   34   35   36   37   39   40   41   41
   41   42   42   42   41   40   38   37   35   33   31   29   27   25   23   20
   19   17   16   15   14   14   14   14   14
    77.5-180.0 180.0   5.0 450.0                            LAT/LON1/LON2/DLON/H
   16   16   17   18   19   19   20   20   19   18   17   17   15   15   14   14
   15   16   16   17   18   20   21   23   24   26   26   27   27   28   28   29
   29   29   30   31   31   32   34   35   36   38   40   42   43   45   47   48
   49   50   50   50   50   49   48   46   44   41   39   36   33   30   27   24
   22   19   17   15   15   14   14   14   16
    75.0-180.0 180.0   5.0 450.0                            LAT/LON1/LON2/DLON/H
   16   17   19   20   21   22   21   21   20   19   17   16   15   14   13   14
   14   15   16   18   20   22   23   24   26   27   28   28   29   29   29   29
   29   29   30   31   31   33   35   37   38   41   43   46   49   51   53   55
   57   59   59   60   60   59   58   56   54   51   48   45   41   37   34   30
   26   23   20   17   16   15   15   16   16
    72.5-180.0 180.0   5.0 450.0                            LAT/LON1/LON2/DLON/H
   17   18   19   20   22   22   23   22   21   19   17   16   15   14   14   14
   15   16   18   19   22   24   26   27   29   29   30   29   29   28   28   28
   28   28   28   30   31   33   35   37   40   43   46   50   53   56   59   62
   64   66   68   68   68   68   67   65   63   60   58   54   50   46   41   37
   32   27   24   20   18   16   16   16   17
    70.0-180.0 180.0   5.0 450.0                            LAT/LON1/LON2/DLON/H
   17   18   19   20   22   22   22   21   21   19   17   16   15   14   14   15
   16   18   19   22   24   27   28   29   30   30   30   30   29   27   26   26
   26   27   27   29   31   33   36   39   42   46   50   53   57   60   64   67
   69   72   74   74   75   75   74   72   71   68   65   61   58   53   49   43
   38   33   27   24   21   19   17   17   17
    67.5-180.0 180.0   5.0 450.0                            LAT/LON1/LON2/DLON/H
   16   17   18   19   20   20   21   20   20   18   17   16   16   15   16   17
   18   20   21   24   26   28   29   29   29   29   28   28   27   25   24   23
   24   25   26   28   31   34   37   41   45   49   53   57   60   64   68   70
   73   76   77   78   78   79   78   77   75   73   70   67   64   59   54   49
   43   37   32   27   23   20   18   17   16
    65.0-180.0 180.0   5.0 450.0                            LAT/LON1/LON2/DLON/H
   17   16   17   17   18   18   19   19   19   18   17   16   16   16   17   18
   19   21   23   25   26   28   29   28   27   27   25   24   23   22   21   20
   21   23   25   28   31   35   39   44   48   53   57   61   65   68   71   73
   75   77   78   79   79   79   78   77   76   74   73   70   67   63   58   53
   47   41   35   29   25   22   19   17   17
    62.5-180.0 180.0   5.0 450.0                            LAT/LON1/LON2/DLON/H
   17   17   16   16   17   17   18   18   17   17   17   17   17   17   18   19
   20   21   23   25   26   26   26   25   23   22   21   20   19   19   18   18
   19   22   25   28   33   38   43   47   53   58   63   66   70   73   74   76
   77   77   77   77   77   77   76   75   75   74   72   71   69   66   61   56
   50   44   37   32   27   23   21   19   17
    60.0-180.0 180.0   5.0 450.0                            LAT/LON1/LON2/DLON/H
   20   19   18   18   18   18   18   18   18   17   16   16   16   17   18   19
   20   21   22   22   23   22   21   19   18   17   16   16   16   17   16   17
   19   22   26   31   36   42   47   53   58   63   68   72   75   77   78   77
   77   77   76   76   75   75   75   74   73   73   73   71   70   68   63   57
   51   45   39   33   29   26   23   22   20
    57.5-180.0 180.0   5.0 450.0                            LAT/LON1/LON2/DLON/H
   25   24   23   22   21   21   21   20   19   18   16   16   16   17   18   19
   19   20   20   20   20   18   17   15   14   14   14   15   15   16   17   18
   21   24   29   34   40   46   52   58   64   69   74   79   81   82   82   81
   79   77   76   76   75   75   74   74   74   74   74   74   73   69   65   59
   53   46   40   35   31   28   26   25   25
    55.0-180.0 180.0   5.0 450.0                            LAT/LON1/LON2/DLON/H
   30   30   29   29   27   27   26   24   22   19   18   17   17   17   18   19
   19   19   19   17   16   15   14   13   12   13   14   16   17   18   20   21
   24   28   33   39   45   51   58   64   71   76   82   85   87   88   87   85
   82   80   79   78   78   78   77   77   78   79   79   79   77   73   68   62
   54   47   42   36   33   30   30   30   30
    52.5-180.0 180.0   5.0 450.0                            LAT/LON1/LON2/DLON/H
   37   37   37   37   36   35   33   31   27   24   21   19   19   19   19   20
   19   19   18   16   15   15   14   14   15   16   18   20   22   23   24   26
   28   33   39   45   51   58   64   71   78   84   88   92   95   95   94   91
   88   86   85   84   84   85   84   84   85   86   87   86   83   78   72   65
   57   50   44   38   36   34   34   36   37
    50.0-180.0 180.0   5.0 450.0                            LAT/LON1/LON2/DLON/H
   42   44   44   44   45   44   42   39   35   31   27   25   24   23   22   22
   21   20   19   18   17   17   18   19   21   23   25   27   28   29   30   31
   34   39   45   52   58   64   71   78   85   90   95   99  101  102  102   99
   97   94   93   93   93   94   94   94   94   95   96   94   90   84   77   68
   60   53   47   42   39   38   39   40   42
    47.5-180.0 180.0   5.0 450.0                            LAT/LON1/LON2/DLON/H
   46   48   49   51   53   52   52   49   44   39   36   32   31   30   28   27
   26   25   24   23   23   24   26   28   30   32   34   35   35   36   36   37
   40   45   52   58   65   72   78   85   91   97  101  105  108  109  110  109
  106  104  103  104  105  105  104  103  104  104  104  101   97   90   81   73
   65   57   50   46   42   42   43   45   46
    45.0-180.0 180.0   5.0 450.0                            LAT/LON1/LON2/DLON/H
   49   50   52   54   57   59   60   57   54   49   46   43   41   40   37   35
   34   33   33   32   33   35   38   40   42   43   43   43   42   41   40   42
   45   52   58   65   71   78   85   92   99  104  107  110  114  116  118  118
  116  114  114  115  115  114  113  111  110  109  108  105  100   93   84   76
   68   61   55   49   47   45   46   48   49
    42.5-180.0 180.0   5.0 450.0                            LAT/LON1/LON2/DLON/H
   49   50   52   55   59   63   65   65   62   59   57   55   54   52   49   46
   44   44   44   44   46   48   52   54   54   53   52   50   48   45   44   45
   50   57   64   71   77   83   90   98  104  110  113  116  120  124  126  127
  126  124  124  123  123  121  118  116  113  111  109  106  101   93   86   78
   71   64   58   53   49   48   48   49   49
    40.0-180.0 180.0   5.0 450.0                            LAT/LON1/LON2/DLON/H
   48   49   50   54   59   64   68   69   69   67   66   66   66   64   61   58
   56   56   57   58   60   62   65   66   66   63   59   56   51   48   47   48
   54   62   69   76   81   87   95  103  110  116  119  122  126  131  134  135
  133  132  130  130  129  126  122  118  114  110  107  104   99   93   86   79
   73   67   61   55   51   49   49   49   48
    37.5-180.0 180.0   5.0 450.0                            LAT/LON1/LON2/DLON/H
   49   48   48   51   56   62   68   72   73   73   75   77   77   77   73   71
   69   69   70   70   72   74   77   77   75   70   65   60   55   51   49   51
   57   65   73   79   85   92   99  107  115  121  125  129  134  139  142  143
  141  138  135  134  132  128  123  118  113  108  105  101   97   92   87   81
   76   69   63   57   53   50   50   49   49
    35.0-180.0 180.0   5.0 450.0                            LAT/LON1/LON2/DLON/H
   49   48   47   49   54   60   66   71   74   76   79   84   86   86   84   81
   80   79   80   80   81   83   84   83   80   75   68   62   57   53   51   53
   60   68   76   82   88   94  102  111  120  127  132  138  144  149  151  150
  147  143  139  136  133  129  125  120  115  109  105  102   99   94   90   85
   80   74   67   60   55   52   51   50   49
    32.5-180.0 180.0   5.0 450.0                            LAT/LON1/LON2/DLON/H
   51   50   49   49   52   57   63   69   73   76   81   87   91   93   92   90
   88   88   87   86   86   86   87   86   82   77   70   64   59   55   53   56
   62   70   78   85   90   97  106  115  125  133  140  148  155  161  161  158
  153  147  142  138  135  131  129  125  121  116  112  109  106  103   99   95
   90   83   74   65   59   55   52   52   51
    30.0-180.0 180.0   5.0 450.0                            LAT/LON1/LON2/DLON/H
   56   54   53   51   52   56   60   65   70   74   79   86   92   96   96   95
   93   92   91   89   86   85   85   84   81   75   70   64   60   57   56   58
   64   73   81   87   93  101  109  120  130  139  149  159  169  174  174  168
  160  152  146  142  139  137  136  135  133  130  126  124  121  119  116  112
  106   97   86   75   66   60   57   56   56
    27.5-180.0 180.0   5.0 450.0                            LAT/LON1/LON2/DLON/H
   62   60   58   55   54   55   59   63   66   69   74   82   89   94   95   95
   94   93   91   88   84   81   81   80   78   73   69   65   61   59   57   59
   66   75   84   91   98  105  114  125  137  148  160  173  185  190  188  179
  169  159  153  149  147  147  149  151  152  150  149  146  145  143  140  135
  128  118  104   91   78   69   65   63   62
    25.0-180.0 180.0   5.0 450.0                            LAT/LON1/LON2/DLON/H
   69   67   64   60   58   57   58   61   63   65   68   75   82   88   91   92
   91   91   89   86   80   76   75   76   74   71   67   64   61   58   57   60
   67   77   88   96  103  111  121  132  144  157  171  187  201  207  202  192
  180  170  164  160  160  162  166  171  175  176  176  175  175  172  168  163
  155  142  127  109   93   81   75   72   69
    22.5-180.0 180.0   5.0 450.0                            LAT/LON1/LON2/DLON/H
   78   74   70   66   62   60   60   61   61   61   62   67   73   80   83   85
   86   87   86   82   77   73   71   72   71   68   64   62   59   57   56   59
   67   79   92  102  110  118  128  140  154  168  184  202  217  223  218  206
  193  184  180  177  178  182  188  195  201  205  207  208  208  204  199  192
  182  168  150  129  110   96   87   82   78
    20.0-180.0 180.0   5.0 450.0                            LAT/LON1/LON2/DLON/H
   86   80   75   71   67   64   64   63   62   60   58   60   65   71   74   77
   79   81   82   79   75   71   70   70   68   64   60   58   56   54   53   57
   67   82   96  108  117  126  136  150  165  180  198  216  231  238  233  221
  209  203  200  200  202  206  213  221  228  234  238  241  240  237  229  219
  208  192  173  151  129  112  100   93   86
    17.5-180.0 180.0   5.0 450.0                            LAT/LON1/LON2/DLON/H
   93   85   80   76   71   68   67   67   65   61   57   57   60   64   67   70
   73   76   78   76   74   71   70   68   66   61   56   52   51   49   49   55
   67   84  101  114  124  133  145  159  176  192  210  228  244  250  245  234
  226  224  224  225  227  231  237  245  252  259  265  270  269  264  254  242
  228  211  193  170  147  128  114  103   93
    15.0-180.0 180.0   5.0 450.0                            LAT/LON1/LON2/DLON/H
   99   90   84   80   75   72   71   71   70   65   60   58   59   61   63   66
   69   73   75   75   73   72   70   68   63   56   50   47   45   44   46   54
   68   87  105  119  130  140  152  168  186  203  221  238  252  258  254  247
  243  245  249  251  253  255  259  265  272  279  286  291  290  282  270  256
  242  227  208  186  164  143  126  112   99
    12.5-180.0 180.0   5.0 450.0                            LAT/LON1/LON2/DLON/H
  106   94   87   82   77   74   74   75   75   71   66   62   61   63   64   65
   68   71   73   74   74   73   71   66   59   51   44   41   40   40   44   55
   71   91  109  124  135  145  158  175  194  212  229  245  257  263  261  258
  259  264  271  274  273  274  276  280  285  292  300  304  301  291  277  263
  249  235  219  198  176  156  137  120  106
    10.0-180.0 180.0   5.0 450.0                            LAT/LON1/LON2/DLON/H
  111   99   91   85   79   75   75   78   80   78   73   69   67   67   68   68
   69   71   73   74   74   73   71   64   56   46   39   36   36   38   44   57
   75   94  113  127  137  148  162  179  198  217  233  248  259  264  265  265
  270  279  287  289  287  285  286  288  292  297  305  308  302  290  275  262
  251  240  225  207  187  167  147  128  111
     7.5-180.0 180.0   5.0 450.0                            LAT/LON1/LON2/DLON/H
  117  103   95   88   80   74   74   79   82   83   79   76   74   75   74   73
   72   72   73   74   74   73   69   62   51   41   34   32   34   37   46   60
   79   98  115  128  138  149  162  180  199  217  233  247  258  264  265  269
  277  287  294  295  293  289  288  288  291  297  304  306  296  280  266  257
  249  241  229  213  194  174  155  135  117
     5.0-180.0 180.0   5.0 450.0                            LAT/LON1/LON2/DLON/H
  123  109  100   91   81   74   72   77   82   85   84   81   80   81   81   79
   77   75   75   75   74   73   67   59   48   38   32   31   33   38   48   63
   82  100  116  127  136  147  160  177  196  214  230  244  254  261  265  270
  278  286  292  293  290  287  285  285  287  293  300  299  286  267  254  250
  247  241  230  214  197  180  161  142  123
     2.5-180.0 180.0   5.0 450.0                            LAT/LON1/LON2/DLON/H
  129  116  106   97   84   74   71   75   81   84   86   84   83   85   85   84
   80   78   77   76   75   73   67   58   46   36   31   31   34   39   50   66
   83  100  113  124  133  143  156  172  190  207  224  238  250  257  262  267
  274  280  283  283  282  280  278  278  282  288  295  293  277  256  244  243
  243  239  229  214  198  183  166  148  129
