igsg/igsg1280.16i
     1.0            IONOSPHERE MAPS     MIX                 IONEX VERSION / TYPE
cmpcmb v1.2          GRL/UWM            19-may-16 01:32     PGM / RUN BY / DATE 
ionex file containing IGS COMBINED Ionosphere maps          COMMENT             
global ionosphere maps for day 128, 2016                    DESCRIPTION         
IONEX file containing the COMBINED IGS TEC MAPS and DCBs    DESCRIPTION         
      IONEX files of the following IAACs were combined: cod DESCRIPTION         
                                                        jpl DESCRIPTION         
Contact address: Andrzej Krankowski                         DESCRIPTION
                 Geodynamics Research Laboratory            DESCRIPTION
                 University of Warmia and Mazury (GRL/UWM)  DESCRIPTION
                 Oczapowski St. 1                           DESCRIPTION
                 10-957-Olsztyn, POLAND                     DESCRIPTION
                 e-mail:  kand@uwm.edu.pl                   DESCRIPTION
                                                            DESCRIPTION         
  2016     5     7     0     0     0                        EPOCH OF FIRST MAP  
  2016     5     8     0     0     0                        EPOCH OF LAST MAP   
  7200                                                      INTERVAL            
    13                                                      # OF MAPS IN FILE   
  COSZ                                                      MAPPING FUNCTION    
     0.0                                                    ELEVATION CUTOFF    
combined TEC calculated as weighted mean of input TEC valuesOBSERVABLES USED    
   315                                                      # OF STATIONS       
    32                                                      # OF SATELLITES     
  6371.0                                                    BASE RADIUS         
     2                                                      MAP DIMENSION       
   450.0 450.0   0.0                                        HGT1 / HGT2 / DHGT  
    87.5 -87.5  -2.5                                        LAT1 / LAT2 / DLAT  
  -180.0 180.0   5.0                                        LON1 / LON2 / DLON  
    -1                                                      EXPONENT            
TEC values in 0.1 tec units;  9999, if no value available   COMMENT             
DCB values in nanoseconds, reference is Sum_of_SatDCBs = 0  COMMENT             
                                                            END OF HEADER       
[from data line 2145]
     6                                                      START OF TEC MAP    
  2016     5     7    10     0     0                        EPOCH OF CURRENT MAP
    87.5-180.0 180.0   5.0 450.0                            LAT/LON1/LON2/DLON/H
  128  127  127  127  127  127  127  127  128  128  128  128  128  129  129  129
  130  130  131  131  131  132  132  132  132  132  133  133  133  133  132  132
  132  132  132  132  132  132  131  132  132  131  132  132  132  132  132  133
  133  133  133  133  134  134  134  134  134  134  133  133  133  133  132  132
  131  131  130  129  129  129  129  128  128
    85.0-180.0 180.0   5.0 450.0                            LAT/LON1/LON2/DLON/H
  119  119  118  117  118  117  118  118  119  119  120  121  122  123  123  124
  125  126  127  128  129  130  130  131  131  132  132  132  132  132  132  131
  130  130  130  128  128  128  127  127  126  126  127  127  127  127  128  129
  130  131  132  132  133  134  135  135  136  136  135  135  134  133  132  131
  130  129  127  125  124  122  121  120  119
    82.5-180.0 180.0   5.0 450.0                            LAT/LON1/LON2/DLON/H
  108  107  106  106  106  106  107  108  109  110  111  112  114  116  117  119
  120  121  122  124  125  127  127  128  129  129  130  130  130  130  129  129
  127  126  125  124  123  121  120  119  118  118  118  118  119  121  122  123
  126  128  130  132  134  135  137  138  139  139  139  138  137  135  133  131
  128  125  122  119  116  113  111  110  108
    80.0-180.0 180.0   5.0 450.0                            LAT/LON1/LON2/DLON/H
   96   95   94   94   94   96   97   99  100  102  103  105  107  108  110  112
  113  115  117  119  120  121  123  124  125  126  126  127  127  127  126  125
  124  122  120  118  115  113  111  110  109  109  108  110  111  113  116  119
  122  125  128  131  134  137  140  141  143  144  143  142  141  138  135  131
  127  122  118  113  108  104  101   98   96
    77.5-180.0 180.0   5.0 450.0                            LAT/LON1/LON2/DLON/H
   86   85   85   85   85   87   89   91   93   95   97   99  101  102  104  106
  108  110  111  113  114  115  117  118  119  120  121  122  123  123  123  121
  120  118  116  113  109  106  104  102  100  100  101  103  104  107  112  115
  119  123  127  130  134  137  140  143  145  145  146  145  143  141  136  132
  127  121  114  108  102   97   92   89   86
    75.0-180.0 180.0   5.0 450.0                            LAT/LON1/LON2/DLON/H
   80   78   78   77   79   81   83   86   88   91   93   95   97   99  100  102
  103  105  107  108  109  110  110  111  112  113  114  115  116  117  117  117
  116  114  112  109  105  101   98   95   94   94   95   98  101  105  110  114
  118  122  126  129  132  135  138  141  144  145  146  146  145  142  139  134
  128  122  115  107  100   94   88   84   80
    72.5-180.0 180.0   5.0 450.0                            LAT/LON1/LON2/DLON/H
   78   75   74   74   75   77   80   82   85   88   90   92   94   96   97   99
  102  103  105  106  106  106  105  105  104  105  105  107  108  109  111  112
  111  111  109  105  101   98   94   92   91   91   93   97  101  107  111  116
  119  121  124  126  127  130  133  135  138  141  143  144  145  143  140  136
  131  125  118  110  103   95   89   83   78
    70.0-180.0 180.0   5.0 450.0                            LAT/LON1/LON2/DLON/H
   80   75   73   72   72   74   76   79   82   84   87   88   91   93   96   98
  101  103  105  106  105  103  101   99   97   97   96   97   99  101  104  105
  107  107  105  103   99   95   92   90   90   92   95   99  105  110  115  118
  120  121  121  120  120  121  123  126  130  133  137  139  142  142  141  139
  135  130  124  117  110  102   94   87   80
    67.5-180.0 180.0   5.0 450.0                            LAT/LON1/LON2/DLON/H
   86   78   73   70   68   69   71   73   76   79   82   84   87   90   94   97
  101  104  105  106  104  101   98   94   90   88   87   88   90   93   97  100
  102  103  102  100   97   94   92   90   91   93   98  104  110  115  119  121
  120  118  116  113  111  111  112  115  119  124  128  133  136  139  140  140
  139  136  132  126  120  112  103   94   86
    65.0-180.0 180.0   5.0 450.0                            LAT/LON1/LON2/DLON/H
   93   83   74   68   64   63   63   65   68   71   74   77   81   85   89   94
   99  103  105  106  104  100   95   89   84   81   80   81   83   87   91   95
   98  100   99   98   96   93   92   91   93   96  101  108  114  119  122  122
  120  115  111  106  103  101  102  105  109  115  121  127  132  136  139  141
  142  142  140  137  132  124  115  104   93
    62.5-180.0 180.0   5.0 450.0                            LAT/LON1/LON2/DLON/H
  101   87   76   66   59   56   54   55   58   61   64   68   72   77   83   88
   94   99  102  103  101   98   92   86   80   76   75   76   79   83   88   92
   96   98   98   97   95   94   93   94   96  100  107  112  118  123  124  122
  118  112  106  100   96   95   96   99  105  110  117  123  128  133  137  140
  144  146  147  146  143  137  127  115  101
    60.0-180.0 180.0   5.0 450.0                            LAT/LON1/LON2/DLON/H
  110   93   78   64   55   48   45   45   47   49   53   57   62   67   73   80
   86   91   95   97   97   94   89   83   77   74   73   74   78   82   87   92
   95   97   98   98   97   96   96   98  100  105  111  117  122  125  125  122
  116  110  103   98   95   95   97  101  106  112  117  123  128  132  136  140
  144  149  152  154  153  148  139  125  110
    57.5-180.0 180.0   5.0 450.0                            LAT/LON1/LON2/DLON/H
  118  100   82   65   52   44   39   37   38   39   43   47   52   57   63   68
   75   80   86   89   89   88   85   80   77   74   74   76   80   85   90   94
   97   99  100  100  100  100  101  104  107  112  117  122  126  127  126  122
  116  110  105  102  101  102  105  109  114  120  125  128  131  134  136  140
  145  150  155  158  160  157  148  135  118
    55.0-180.0 180.0   5.0 450.0                            LAT/LON1/LON2/DLON/H
  126  107   88   70   56   45   38   34   33   34   36   40   44   48   52   57
   61   68   74   78   81   82   81   79   78   77   79   82   86   91   95   99
  101  103  104  105  106  107  110  113  116  120  124  128  130  130  127  124
  119  114  111  110  112  115  120  125  130  134  138  139  139  139  140  143
  147  152  157  162  164  162  155  143  126
    52.5-180.0 180.0   5.0 450.0                            LAT/LON1/LON2/DLON/H
  133  115   95   78   63   51   44   39   36   35   36   37   39   42   44   47
   50   56   61   68   73   76   79   80   82   84   86   90   94   98  102  104
  107  109  110  112  114  117  120  124  127  131  133  136  136  135  132  128
  124  122  122  124  128  133  138  143  149  152  153  152  150  147  147  149
  152  156  159  163  165  165  159  149  133
    50.0-180.0 180.0   5.0 450.0                            LAT/LON1/LON2/DLON/H
  138  122  105   88   74   63   55   49   45   42   40   40   40   40   40   41
   43   47   53   60   66   73   78   83   87   91   94   98  102  104  108  111
  113  115  118  121  125  129  133  137  141  143  145  145  144  142  138  135
  133  133  136  139  145  150  156  161  165  168  168  165  161  158  157  158
  160  161  163  165  166  165  161  151  138
    47.5-180.0 180.0   5.0 450.0                            LAT/LON1/LON2/DLON/H
  141  127  113   99   87   78   69   64   58   54   50   47   45   43   41   40
   41   44   49   56   64   72   80   87   93   98  102  105  108  110  113  116
  120  123  127  131  137  142  147  152  155  158  158  157  154  150  146  144
  144  146  150  154  159  164  168  173  177  179  179  176  172  169  168  169
  171  170  169  168  166  165  160  152  141
    45.0-180.0 180.0   5.0 450.0                            LAT/LON1/LON2/DLON/H
  142  131  119  108   99   92   85   79   73   67   62   58   53   50   48   46
   46   47   51   57   65   74   83   92   99  105  109  111  113  115  118  122
  126  131  137  143  150  156  163  168  172  174  174  172  167  161  156  154
  156  159  164  167  169  171  173  176  180  182  183  181  179  178  179  182
  183  181  177  172  168  164  159  152  142
    42.5-180.0 180.0   5.0 450.0                            LAT/LON1/LON2/DLON/H
  142  132  123  114  107  102   96   92   86   81   75   70   65   61   59   56
   55   56   58   62   69   78   88   96  105  110  113  116  117  119  122  127
  133  141  149  157  165  172  179  185  189  191  191  187  181  173  168  167
  169  173  176  176  174  171  170  172  175  178  180  181  181  184  188  194
  196  193  187  179  172  165  158  151  142
    40.0-180.0 180.0   5.0 450.0                            LAT/LON1/LON2/DLON/H
  141  132  124  116  111  108  104  100   95   91   86   82   79   76   73   70
   68   67   68   70   76   83   92  101  108  113  117  118  120  122  127  134
  143  153  163  172  181  189  197  204  209  212  211  206  198  189  184  182
  184  188  189  186  178  170  165  165  168  172  175  178  182  189  196  203
  207  204  197  187  177  167  159  150  141
    37.5-180.0 180.0   5.0 450.0                            LAT/LON1/LON2/DLON/H
  140  131  122  115  110  108  106  103  101   98   97   95   93   91   88   85
   82   79   78   78   81   87   96  104  112  116  119  120  123  127  134  143
  155  168  179  190  199  208  217  227  235  239  237  229  220  210  204  202
  205  207  206  199  187  174  165  163  166  170  175  180  186  195  204  212
  216  214  206  196  183  171  160  150  140
    35.0-180.0 180.0   5.0 450.0                            LAT/LON1/LON2/DLON/H
  141  129  119  112  107  105  104  103  103  103  105  108  109  108  105   99
   94   89   86   84   85   89   97  105  113  118  120  123  127  133  142  155
  170  185  198  209  219  229  242  255  265  270  267  257  246  236  230  229
  231  233  232  222  207  190  179  174  176  180  184  190  198  206  215  222
  226  223  215  204  190  176  163  151  141
    32.5-180.0 180.0   5.0 450.0                            LAT/LON1/LON2/DLON/H
  141  129  118  109  103  101  101  101  103  107  114  121  124  124  119  112
  103   96   91   87   86   88   96  104  112  118  122  126  132  141  154  169
  186  203  217  229  241  253  268  285  302  308  304  291  277  268  263  262
  266  268  268  258  242  225  211  205  204  207  210  215  221  226  232  235
  236  232  223  211  196  181  166  153  141
    30.0-180.0 180.0   5.0 450.0                            LAT/LON1/LON2/DLON/H
  143  130  118  108  101   98   98  100  103  110  121  131  137  137  131  120
  109   99   92   87   84   85   92  101  109  117  123  129  138  150  166  184
  203  221  235  248  262  277  296  319  339  348  343  327  313  303  300  302
  307  312  314  309  295  277  263  255  251  250  251  253  256  257  256  253
  249  242  232  219  202  185  169  155  143
    27.5-180.0 180.0   5.0 450.0                            LAT/LON1/LON2/DLON/H
  146  134  122  111  104  100   99  101  105  113  126  139  147  146  139  126
  111  100   92   85   80   81   86   96  106  115  123  132  144  159  178  198
  218  237  253  267  282  300  323  349  373  385  378  362  348  341  340  344
  352  361  368  366  357  342  328  317  309  304  303  303  302  297  289  278
  266  255  242  227  209  190  173  159  146
    25.0-180.0 180.0   5.0 450.0                            LAT/LON1/LON2/DLON/H
  151  140  130  120  113  108  106  106  109  117  131  144  151  150  141  126
  112  100   91   83   77   75   80   89  101  113  124  136  150  168  188  210
  232  251  268  283  300  320  344  373  399  413  407  391  378  375  378  385
  395  409  420  424  420  409  395  381  369  362  360  359  355  345  329  309
  289  271  254  237  217  196  177  163  151
    22.5-180.0 180.0   5.0 450.0                            LAT/LON1/LON2/DLON/H
  159  150  141  134  127  121  117  114  115  121  132  144  150  147  137  124
  110   99   90   81   73   70   74   83   96  110  123  138  155  175  197  220
  243  263  280  298  315  336  359  386  412  425  422  409  402  403  410  419
  432  448  463  472  473  466  453  436  423  415  413  414  410  397  374  345
  316  290  269  250  228  204  184  170  159
    20.0-180.0 180.0   5.0 450.0                            LAT/LON1/LON2/DLON/H
  170  163  156  152  146  139  132  126  123  125  133  140  143  139  129  117
  106   98   90   81   71   65   67   76   91  108  124  140  158  180  204  229
  252  272  291  309  327  346  366  389  411  424  423  417  415  421  432  443
  456  473  490  503  509  505  492  475  460  454  456  461  460  445  418  382
  344  312  286  264  240  216  195  181  170
    17.5-180.0 180.0   5.0 450.0                            LAT/LON1/LON2/DLON/H
  186  178  174  170  166  159  149  139  132  129  132  135  134  127  118  110
  102   96   90   81   69   61   61   70   87  106  124  142  162  186  210  235
  260  281  302  320  337  352  368  384  400  412  415  414  419  429  442  454
  466  482  499  514  523  523  511  494  481  478  485  495  497  485  456  415
  370  331  303  279  256  231  210  196  186
    15.0-180.0 180.0   5.0 450.0                            LAT/LON1/LON2/DLON/H
  205  196  191  189  186  178  166  152  141  134  131  129  124  116  107  102
   98   95   90   80   68   58   56   66   84  107  126  145  166  191  217  242
  268  290  311  330  345  358  367  377  388  397  401  406  414  428  442  453
  464  477  492  507  519  521  512  496  485  485  497  512  518  509  482  439
  390  347  316  293  271  249  230  216  205
    12.5-180.0 180.0   5.0 450.0                            LAT/LON1/LON2/DLON/H
  227  216  208  206  203  195  180  164  150  139  132  125  117  107   99   96
   94   93   89   79   66   55   52   62   84  108  130  150  172  197  223  250
  276  300  321  339  355  364  370  375  381  387  392  398  407  421  435  446
  455  464  477  491  503  508  501  486  477  480  493  510  518  512  488  447
  398  355  325  302  284  267  252  239  227
    10.0-180.0 180.0   5.0 450.0                            LAT/LON1/LON2/DLON/H
  249  234  225  220  217  208  192  175  159  145  134  124  113  102   94   91
   91   91   86   78   64   53   50   62   85  112  136  157  179  203  230  257
  284  309  331  350  364  374  378  381  384  388  390  394  401  413  426  437
  445  452  461  472  484  490  484  471  462  465  477  491  498  493  472  436
  391  352  325  306  292  280  271  262  249
     7.5-180.0 180.0   5.0 450.0                            LAT/LON1/LON2/DLON/H
  267  250  237  232  228  219  203  184  167  152  139  126  113  101   93   90
   89   88   84   76   64   52   50   63   88  117  142  164  185  209  235  263
  289  315  338  358  374  385  392  397  400  400  398  397  399  408  420  432
  440  446  451  457  467  473  468  455  446  446  452  458  460  453  436  407
  370  338  315  300  291  285  283  279  267
     5.0-180.0 180.0   5.0 450.0                            LAT/LON1/LON2/DLON/H
  277  261  247  240  236  227  211  193  175  160  146  132  117  104   95   90
   88   85   81   74   63   54   53   66   93  122  148  169  190  212  237  264
  292  317  341  362  381  397  409  419  423  420  413  406  403  409  420  432
  442  447  447  448  454  459  454  441  431  425  422  419  413  402  387  365
  339  314  297  285  279  279  284  286  277
     2.5-180.0 180.0   5.0 450.0                            LAT/LON1/LON2/DLON/H
  276  263  251  245  240  232  217  199  183  169  155  139  122  109   98   92
   87   82   78   72   64   56   56   70   96  125  151  171  190  211  235  261
  289  314  339  362  383  404  422  438  445  441  430  418  412  415  424  435
  448  451  448  443  444  446  441  429  416  404  391  377  362  347  333  319
  301  285  272  263  259  262  272  281  276
