igsg/igsg0200.17i
     1.0            IONOSPHERE MAPS     MIX                 IONEX VERSION / TYPE
cmpcmb v1.2          GRL/UWM             5-feb-17 19:47     PGM / RUN BY / DATE 
ionex file containing IGS COMBINED Ionosphere maps          COMMENT             
global ionosphere maps for day 020, 2017                    DESCRIPTION         
IONEX file containing the COMBINED IGS TEC MAPS and DCBs    DESCRIPTION         
      IONEX files of the following IAACs were combined: cod DESCRIPTION         
                                                        jpl DESCRIPTION         
Contact address: Andrzej Krankowski                         DESCRIPTION
                 Geodynamics Research Laboratory            DESCRIPTION
                 University of Warmia and Mazury (GRL/UWM)  DESCRIPTION
                 Oczapowski St. 1                           DESCRIPTION
                 10-957-Olsztyn, POLAND                     DESCRIPTION
                 e-mail:  kand@uwm.edu.pl                   DESCRIPTION
                                                            DESCRIPTION         
  2017     1    20     0     0     0                        EPOCH OF FIRST MAP  
  2017     1    21     0     0     0                        EPOCH OF LAST MAP   
  7200                                                      INTERVAL            
    13                                                      # OF MAPS IN FILE   
  COSZ                                                      MAPPING FUNCTION    
     0.0                                                    ELEVATION CUTOFF    
combined TEC calculated as weighted mean of input TEC valuesOBSERVABLES USED    
   305                                                      # OF STATIONS       
    32                                                      # OF SATELLITES     
  6371.0                                                    BASE RADIUS         
     2                                                      MAP DIMENSION       
   450.0 450.0   0.0                                        HGT1 / HGT2 / DHGT  
    87.5 -87.5  -2.5                                        LAT1 / LAT2 / DLAT  
  -180.0 180.0   5.0                                        LON1 / LON2 / DLON  
    -1                                                      EXPONENT            
TEC values in 0.1 tec units;  9999, if no value available   COMMENT             
DCB values in nanoseconds, reference is Sum_of_SatDCBs = 0  COMMENT             
                                                            END OF HEADER       
[from data line 1716]
     5                                                      START OF TEC MAP    
  2017     1    20     8     0     0                        EPOCH OF CURRENT MAP
    87.5-180.0 180.0   5.0 450.0                            LAT/LON1/LON2/DLON/H
   23   23   24   24   24   24   25   25   25   25   26   26   26   26   26   26
   26   26   27   27   27   27   27   27   27   27   27   27   27   27   27   27
   27   27   27   28   27   27   27   27   27   27   27   27   27   26   26   26
   25   25   25   24   24   24   23   23   23   23   23   22   22   22   22   22
   21   22   22   22   22   22   22   22   23
    85.0-180.0 180.0   5.0 450.0                            LAT/LON1/LON2/DLON/H
   20   20   21   22   23   24   25   25   26   26   27   26   27   27   27   27
   27   27   27   26   26   26   27   27   27   27   27   27   27   27   27   27
   27   28   28   28   28   28   28   28   28   28   28   28   27   27   27   26
   26   25   25   24   24   23   22   22   21   20   20   19   18   18   18   17
   17   17   17   17   18   18   18   19   20
    82.5-180.0 180.0   5.0 450.0                            LAT/LON1/LON2/DLON/H
   16   18   19   21   23   24   25   26   27   28   28   28   28   28   27   27
   26   25   25   25   25   24   24   24   25   25   25   25   26   26   27   27
   27   27   27   28   28   28   28   28   28   28   28   28   28   29   29   29
   28   28   27   27   26   25   24   23   22   20   19   18   16   15   14   13
   13   13   13   13   13   13   14   15   16
    80.0-180.0 180.0   5.0 450.0                            LAT/LON1/LON2/DLON/H
   14   16   19   21   23   26   27   28   30   30   30   30   29   27   27   25
   24   23   22   22   22   22   22   22   22   23   24   24   25   25   25   26
   26   26   26   26   26   26   27   27   27   28   28   29   30   31   31   31
   31   32   31   31   30   29   28   26   24   22   21   19   17   14   13   13
   13   13   13   13   13   13   13   14   14
    77.5-180.0 180.0   5.0 450.0                            LAT/LON1/LON2/DLON/H
   14   16   19   22   25   28   30   31   32   32   31   30   29   27   25   23
   22   20   19   18   18   19   19   20   21   22   23   24   25   25   26   26
   26   25   25   25   25   25   25   26   27   28   29   31   32   33   35   36
   36   37   37   37   36   35   34   32   30   27   25   22   20   17   14   13
   13   13   13   13   13   13   14   14   14
    75.0-180.0 180.0   5.0 450.0                            LAT/LON1/LON2/DLON/H
   15   17   20   24   27   30   32   34   35   34   33   31   29   26   23   21
   19   18   17   17   17   18   19   20   21   22   24   25   25   26   26   26
   25   24   24   23   24   24   24   25   27   28   31   33   35   37   39   41
   42   43   44   44   43   42   41   39   36   34   31   28   25   22   19   17
   14   13   13   13   13   13   14   15   15
    72.5-180.0 180.0   5.0 450.0                            LAT/LON1/LON2/DLON/H
   17   20   22   26   29   32   34   36   36   36   34   31   28   26   23   20
   18   18   17   17   18   19   21   22   23   24   25   26   26   26   26   25
   25   24   23   22   22   22   24   25   27   30   34   36   39   42   45   47
   49   51   52   52   51   50   48   46   43   40   38   34   32   28   26   22
   20   18   16   14   14   14   15   15   17
    70.0-180.0 180.0   5.0 450.0                            LAT/LON1/LON2/DLON/H
   21   23   26   28   30   33   35   36   36   36   34   31   29   25   22   20
   19   18   19   19   21   22   23   24   26   26   27   27   27   27   26   25
   24   23   22   21   20   21   23   26   30   33   37   41   45   48   52   54
   56   57   58   58   57   56   54   51   49   45   43   39   37   34   31   29
   27   25   23   21   20   20   20   20   21
    67.5-180.0 180.0   5.0 450.0                            LAT/LON1/LON2/DLON/H
   26   26   27   29   30   32   35   36   36   35   33   31   28   25   23   21
   20   20   21   22   24   26   26   27   27   27   26   26   25   25   24   23
   22   21   20   20   20   22   25   29   33   37   42   47   50   54   57   60
   62   64   64   64   63   60   58   54   52   49   46   43   40   38   36   34
   32   31   30   28   28   27   27   26   26
    65.0-180.0 180.0   5.0 450.0                            LAT/LON1/LON2/DLON/H
   31   29   29   29   30   31   33   34   34   33   32   29   27   25   23   22
   22   22   24   25   27   28   28   27   27   26   25   24   23   23   22   21
   20   19   19   19   20   23   27   32   38   43   48   52   56   59   62   65
   67   69   69   68   66   64   61   57   53   49   46   44   42   40   38   37
   36   35   34   35   34   34   33   31   31
    62.5-180.0 180.0   5.0 450.0                            LAT/LON1/LON2/DLON/H
   34   32   30   29   28   29   30   31   32   31   30   28   27   25   24   24
   24   24   26   27   28   28   28   26   25   23   22   21   20   20   20   20
   19   19   18   19   21   25   30   36   43   49   54   58   60   63   66   69
   71   72   72   72   70   67   63   59   54   51   47   45   42   41   39   38
   37   37   37   38   38   39   38   37   34
    60.0-180.0 180.0   5.0 450.0                            LAT/LON1/LON2/DLON/H
   38   34   32   29   28   28   28   29   29   29   28   27   26   25   25   25
   25   25   26   26   26   26   25   24   22   20   19   17   17   18   18   19
   19   19   20   21   24   29   35   41   48   54   58   62   64   67   69   71
   73   75   76   76   74   71   67   62   58   53   50   47   45   43   40   38
   37   36   38   39   41   42   42   41   38
    57.5-180.0 180.0   5.0 450.0                            LAT/LON1/LON2/DLON/H
   40   37   33   30   28   27   28   28   28   28   27   26   25   24   24   25
   25   25   25   24   23   23   22   21   19   18   16   17   17   19   20   21
   22   22   22   24   28   33   40   47   54   59   63   66   68   70   71   74
   76   78   79   80   79   76   72   67   62   58   55   53   50   47   43   40
   38   37   37   39   41   43   44   43   40
    55.0-180.0 180.0   5.0 450.0                            LAT/LON1/LON2/DLON/H
   43   39   35   32   31   30   30   30   30   29   27   26   25   25   25   26
   25   24   22   21   20   20   20   19   19   18   18   19   20   23   25   26
   26   27   27   30   33   40   47   54   61   66   69   71   72   73   75   77
   79   82   84   85   84   82   78   73   70   67   65   62   60   56   51   46
   41   38   37   39   41   44   45   45   43
    52.5-180.0 180.0   5.0 450.0                            LAT/LON1/LON2/DLON/H
   44   42   38   36   34   34   34   34   33   32   29   27   26   25   26   26
   25   23   21   18   17   18   19   21   22   22   23   24   27   29   31   32
   33   33   34   36   41   47   54   62   68   72   75   76   78   79   80   81
   84   86   88   89   89   86   83   80   77   76   75   74   72   68   61   53
   46   41   39   40   42   44   46   46   44
    50.0-180.0 180.0   5.0 450.0                            LAT/LON1/LON2/DLON/H
   46   44   42   39   39   39   40   40   39   36   33   30   28   27   28   28
   28   25   22   19   18   19   22   26   28   29   30   32   35   37   39   40
   40   40   42   45   49   56   64   71   76   81   83   85   86   87   88   89
   90   91   92   93   93   91   88   86   84   85   85   85   83   79   72   63
   54   47   43   43   44   46   46   47   46
    47.5-180.0 180.0   5.0 450.0                            LAT/LON1/LON2/DLON/H
   47   46   45   43   43   45   46   47   46   43   39   35   33   32   33   34
   33   30   26   24   23   26   31   35   38   39   40   41   43   45   46   46
   47   48   49   54   59   66   73   80   86   91   94   96   98   98   98   97
   97   97   96   96   96   93   91   90   89   90   91   91   90   87   81   72
   62   54   50   48   48   48   48   48   47
    45.0-180.0 180.0   5.0 450.0                            LAT/LON1/LON2/DLON/H
   49   47   47   46   47   49   51   53   53   50   47   43   40   40   41   42
   42   40   36   34   33   37   42   46   49   50   50   50   50   51   51   51
   52   54   58   63   69   76   83   90   97  101  106  110  111  111  109  107
  105  103  101   99   97   95   93   91   91   91   91   92   91   89   84   77
   69   62   57   54   53   52   51   49   49
    42.5-180.0 180.0   5.0 450.0                            LAT/LON1/LON2/DLON/H
   50   49   48   48   49   51   54   57   59   58   56   51   49   50   52   54
   54   52   49   47   48   52   56   60   61   59   58   57   55   54   54   53
   55   60   65   72   78   85   92   99  106  112  119  124  126  125  122  118
  114  109  106  103  101   98   96   94   92   90   88   87   85   84   82   78
   72   68   64   62   59   56   54   52   50
    40.0-180.0 180.0   5.0 450.0                            LAT/LON1/LON2/DLON/H
   52   50   49   48   49   50   54   58   63   66   65   62   61   61   64   67
   67   67   65   63   65   68   70   72   70   67   64   61   58   56   54   54
   57   64   72   80   87   93  100  107  115  123  130  136  138  137  133  128
  123  118  115  112  109  107  105  102   99   93   87   83   78   77   77   76
   74   72   70   68   64   60   56   54   52
    37.5-180.0 180.0   5.0 450.0                            LAT/LON1/LON2/DLON/H
   53   51   49   48   47   48   51   57   65   71   74   74   74   74   76   79
   81   80   80   79   81   83   84   82   77   72   66   63   59   55   53   53
   58   68   78   88   95  101  107  114  121  130  139  145  148  147  143  138
  134  131  129  127  126  127  126  123  116  107   97   86   78   74   74   75
   76   76   74   72   68   63   59   55   53
    35.0-180.0 180.0   5.0 450.0                            LAT/LON1/LON2/DLON/H
   54   52   49   47   46   45   47   54   65   75   82   85   86   86   86   89
   91   92   92   92   93   94   93   88   80   73   68   63   59   54   51   52
   60   71   84   95  103  108  112  118  127  136  144  152  154  154  151  149
  148  150  150  152  154  158  161  160  152  139  123  105   91   82   79   78
   79   79   79   75   71   65   60   57   54
    32.5-180.0 180.0   5.0 450.0                            LAT/LON1/LON2/DLON/H
   55   53   51   48   45   42   44   52   64   77   88   94   96   95   94   95
   98   99  100  101  101  102   98   90   80   72   66   63   58   53   50   52
   61   75   89  101  109  114  117  123  131  139  147  154  158  159  160  162
  168  174  181  187  194  205  214  216  208  193  170  146  124  106   96   90
   88   86   83   79   73   67   62   58   55
    30.0-180.0 180.0   5.0 450.0                            LAT/LON1/LON2/DLON/H
   58   55   53   49   45   41   42   48   61   77   90   99  102  100   98   99
  101  102  103  104  105  105   99   88   77   70   65   62   58   53   50   54
   64   79   94  106  115  119  123  128  135  142  149  156  161  166  170  179
  192  206  218  230  244  262  279  286  279  261  235  205  174  147  127  112
  103   96   90   84   77   71   65   60   58
    27.5-180.0 180.0   5.0 450.0                            LAT/LON1/LON2/DLON/H
   61   58   56   53   48   43   42   46   59   74   89   99  103  101   99   98
  101  102  103  104  105  104   98   86   74   67   64   61   59   54   52   56
   67   83   99  111  120  124  129  134  140  147  153  160  167  174  185  201
  222  242  260  276  295  319  344  356  351  333  305  271  233  197  166  143
  125  112  102   93   84   76   70   64   61
    25.0-180.0 180.0   5.0 450.0                            LAT/LON1/LON2/DLON/H
   66   64   61   58   54   48   45   48   57   70   84   94   98   98   96   96
   98  100  101  102  104  102   94   82   72   65   63   62   59   55   54   59
   71   87  102  114  123  129  136  142  149  154  161  168  176  187  203  226
  253  278  298  315  336  367  395  412  410  393  366  330  288  247  209  177
  152  133  118  105   94   85   77   71   66
    22.5-180.0 180.0   5.0 450.0                            LAT/LON1/LON2/DLON/H
   74   71   69   66   61   56   52   52   58   68   79   87   92   92   91   93
   95   97   99  100  101   99   92   80   70   64   62   62   59   57   57   62
   74   89  104  116  126  135  143  152  160  166  173  180  189  203  223  251
  281  308  327  342  362  392  423  441  441  427  403  370  330  287  246  211
  180  157  137  121  108   97   87   79   74
    20.0-180.0 180.0   5.0 450.0                            LAT/LON1/LON2/DLON/H
   83   79   77   75   71   66   61   59   61   66   73   80   84   85   86   89
   92   95   96   97   98   96   89   79   69   63   61   60   58   56   58   65
   77   92  105  117  129  141  153  164  174  182  189  197  207  221  243  272
  302  326  341  351  365  390  418  435  437  425  407  381  348  311  273  239
  208  181  159  140  125  112   99   90   83
    17.5-180.0 180.0   5.0 450.0                            LAT/LON1/LON2/DLON/H
   92   87   85   83   81   77   72   69   67   68   71   74   78   80   82   86
   89   92   93   95   95   93   86   78   68   62   59   56   55   55   58   66
   79   92  105  118  132  147  162  177  189  199  208  216  225  239  260  287
  313  331  338  340  346  363  385  399  401  394  383  366  343  316  287  258
  231  204  180  159  141  126  113  101   92
    15.0-180.0 180.0   5.0 450.0                            LAT/LON1/LON2/DLON/H
  102   95   92   91   89   87   83   78   75   73   72   73   75   78   81   85
   87   90   92   92   91   88   83   75   67   60   55   52   50   51   56   67
   79   93  106  119  135  153  171  188  203  215  226  234  243  254  272  294
  313  324  323  317  315  324  337  346  348  345  339  333  322  307  290  270
  248  223  199  176  156  139  124  112  102
    12.5-180.0 180.0   5.0 450.0                            LAT/LON1/LON2/DLON/H
  110  101   97   95   94   94   91   88   83   79   76   75   76   78   82   85
   87   88   88   88   86   83   78   72   65   57   51   47   44   46   53   65
   80   93  106  120  138  158  178  197  214  228  241  250  257  265  277  293
  305  308  302  291  284  284  290  292  292  290  291  293  294  291  286  276
  260  239  215  190  168  151  135  121  110
    10.0-180.0 180.0   5.0 450.0                            LAT/LON1/LON2/DLON/H
  117  106   98   95   95   96   95   93   89   85   81   79   79   82   85   86
   87   87   85   84   79   76   72   68   62   54   47   42   40   42   51   64
   80   93  107  121  139  161  182  202  220  237  251  261  265  269  277  287
  293  290  282  270  262  258  255  251  248  248  253  261  269  277  280  279
  269  250  226  200  177  158  143  129  117
     7.5-180.0 180.0   5.0 450.0                            LAT/LON1/LON2/DLON/H
  121  108   98   93   92   94   95   94   92   88   84   84   84   86   87   88
   87   85   82   78   73   69   66   63   59   52   44   39   37   40   49   64
   80   94  107  122  141  162  183  203  222  240  255  265  269  270  273  278
  280  276  269  263  258  253  244  234  228  228  234  245  259  271  280  282
  275  258  233  207  183  164  148  135  121
     5.0-180.0 180.0   5.0 450.0                            LAT/LON1/LON2/DLON/H
  124  110   97   89   87   89   90   91   89   86   85   86   88   90   90   89
   87   83   79   73   68   63   61   59   56   50   43   38   36   39   48   64
   80   95  109  124  142  161  181  200  218  237  254  264  267  266  265  268
  269  267  266  269  272  269  257  243  235  234  239  249  264  278  287  289
  281  264  239  212  186  167  152  139  124
     2.5-180.0 180.0   5.0 450.0                            LAT/LON1/LON2/DLON/H
  127  111   96   86   83   84   85   85   84   82   83   86   90   91   91   89
   86   82   77   70   64   60   58   57   54   50   44   40   38   40   49   64
   81   96  109  125  141  159  176  194  212  231  247  258  261  259  259  260
  262  265  273  286  300  302  291  276  266  264  267  276  287  297  303  301
  289  269  242  213  187  169  154  141  127
