igsg/igsg1280.16i
     1.0            IONOSPHERE MAPS     MIX                 IONEX VERSION / TYPE
cmpcmb v1.2          GRL/UWM            19-may-16 01:32     PGM / RUN BY / DATE 
ionex file containing IGS COMBINED Ionosphere maps          COMMENT             
global ionosphere maps for day 128, 2016                    DESCRIPTION         
IONEX file containing the COMBINED IGS TEC MAPS and DCBs    DESCRIPTION         
      IONEX files of the following IAACs were combined: cod DESCRIPTION         
                                                        jpl DESCRIPTION         
Contact address: Andrzej Krankowski                         DESCRIPTION
                 Geodynamics Research Laboratory            DESCRIPTION
                 University of Warmia and Mazury (GRL/UWM)  DESCRIPTION
                 Oczapowski St. 1                           DESCRIPTION
                 10-957-Olsztyn, POLAND                     DESCRIPTION
                 e-mail:  kand@uwm.edu.pl                   DESCRIPTION
                                                            DESCRIPTION         
  2016     5     7     0     0     0                        EPOCH OF FIRST MAP  
  2016     5     8     0     0     0                        EPOCH OF LAST MAP   
  7200                                                      INTERVAL            
    13                                                      # OF MAPS IN FILE   
  COSZ                                                      MAPPING FUNCTION    
     0.0                                                    ELEVATION CUTOFF    
combined TEC calculated as weighted mean of input TEC valuesOBSERVABLES USED    
   315                                                      # OF STATIONS       
    32                                                      # OF SATELLITES     
  6371.0                                                    BASE RADIUS         
     2                                                      MAP DIMENSION       
   450.0 450.0   0.0                                        HGT1 / HGT2 / DHGT  
    87.5 -87.5  -2.5                                        LAT1 / LAT2 / DLAT  
  -180.0 180.0   5.0                                        LON1 / LON2 / DLON  
    -1                                                      EXPONENT            
TEC values in 0.1 tec units;  9999, if no value available   COMMENT             
DCB values in nanoseconds, reference is Sum_of_SatDCBs = 0  COMMENT             
                                                            END OF HEADER       
[from data line 858]
     3                                                      START OF TEC MAP    
  2016     5     7     4     0     0                        EPOCH OF CURRENT MAP
    87.5-180.0 180.0   5.0 450.0                            LAT/LON1/LON2/DLON/H
  123  123  123  123  122  122  122  122  121  121  120  119  119  118  118  117
  116  116  115  115  114  113  113  112  112  111  111  110  110  110  110  109
  109  109  109  109  109  109  109  109  109  110  110  110  110  111  111  112
  112  112  113  114  114  115  116  117  117  118  119  119  120  120  121  121
  122  122  122  123  123  123  123  123  123
    85.0-180.0 180.0   5.0 450.0                            LAT/LON1/LON2/DLON/H
  128  128  127  127  127  126  125  125  124  123  122  121  120  119  118  117
  116  114  113  112  111  109  108  107  107  106  105  104  103  103  103  102
  102  102  102  102  102  102  102  103  103  103  103  104  104  105  105  106
  107  108  109  110  111  113  114  115  116  118  119  120  121  123  124  125
  126  127  127  128  128  128  128  128  128
    82.5-180.0 180.0   5.0 450.0                            LAT/LON1/LON2/DLON/H
  131  130  130  129  128  128  127  126  125  124  123  122  120  119  118  116
  115  113  111  109  107  105  103  102  100   99   98   97   96   96   95   96
   95   95   95   95   95   96   96   97   97   97   97   98   99   99  100  101
  102  103  104  105  107  109  111  113  115  117  119  121  123  125  126  128
  129  130  131  132  132  132  132  132  131
    80.0-180.0 180.0   5.0 450.0                            LAT/LON1/LON2/DLON/H
  132  131  130  129  128  128  126  126  125  124  123  122  121  119  117  116
  114  112  109  107  105  102   99   96   95   93   91   90   89   89   89   88
   88   89   89   90   90   91   92   92   92   92   93   94   94   94   95   96
   97   98  100  101  103  105  107  110  113  116  118  121  123  126  128  130
  132  133  134  135  134  134  134  133  132
    77.5-180.0 180.0   5.0 450.0                            LAT/LON1/LON2/DLON/H
  132  130  129  127  126  125  124  124  123  122  122  121  120  118  117  114
  113  111  108  105  102   99   96   92   90   87   85   83   82   82   82   82
   83   83   84   85   86   86   87   87   88   88   88   89   89   90   91   92
   93   94   96   98  100  102  105  107  110  113  117  120  123  126  129  132
  134  135  137  137  136  136  135  133  132
    75.0-180.0 180.0   5.0 450.0                            LAT/LON1/LON2/DLON/H
  130  128  125  123  122  121  121  120  120  120  120  119  119  117  116  114
  112  109  107  104  101   97   93   89   85   82   79   77   76   75   75   76
   77   78   79   80   81   81   82   82   83   83   84   85   86   87   89   90
   92   93   94   96   98  100  102  104  107  110  114  117  121  125  128  132
  134  137  138  138  138  137  135  133  130
    72.5-180.0 180.0   5.0 450.0                            LAT/LON1/LON2/DLON/H
  128  125  122  119  118  117  117  117  117  118  118  117  116  116  114  112
  110  108  106  103  100   96   91   86   81   77   74   71   69   68   69   70
   72   73   74   75   76   76   76   77   77   78   79   80   83   85   88   90
   91   93   95   96   97   99  100  102  104  107  110  114  118  122  126  131
  134  136  138  139  139  138  135  132  128
    70.0-180.0 180.0   5.0 450.0                            LAT/LON1/LON2/DLON/H
  127  122  119  115  114  113  114  114  115  116  115  115  114  113  111  109
  108  106  104  101   98   93   88   82   76   71   66   64   62   62   63   65
   66   69   70   71   70   71   70   71   72   73   75   77   80   84   88   91
   93   95   97   97   98   98   99  100  102  104  106  109  114  118  122  127
  131  135  137  139  139  138  135  131  127
    67.5-180.0 180.0   5.0 450.0                            LAT/LON1/LON2/DLON/H
  127  122  117  113  111  111  111  112  113  114  114  113  112  110  108  106
  104  103  100   98   94   89   83   76   69   63   59   55   54   55   56   59
   61   63   65   65   64   64   64   65   66   68   71   75   80   84   89   93
   96   99  100  100  100   99   98   98   99  100  102  105  109  113  117  122
  127  131  135  138  139  138  136  132  127
    65.0-180.0 180.0   5.0 450.0                            LAT/LON1/LON2/DLON/H
  129  123  117  113  111  110  110  112  113  113  112  111  109  106  104  101
   99   97   95   92   88   82   76   68   61   54   49   46   45   47   49   53
   56   58   59   59   58   58   58   59   61   65   69   75   80   86   92   97
  101  103  103  103  102  101   99   98   97   98   99  102  105  109  113  118
  123  128  132  136  138  139  138  134  129
    62.5-180.0 180.0   5.0 450.0                            LAT/LON1/LON2/DLON/H
  132  127  121  116  113  112  112  112  113  113  111  109  106  104  101   97
   94   91   87   84   79   74   67   59   51   44   39   37   38   40   44   48
   51   53   54   54   53   53   53   56   59   64   70   77   83   90   96  101
  105  107  108  107  105  103  100   98   97   98   99  102  105  108  111  115
  118  123  129  134  138  140  140  137  132
    60.0-180.0 180.0   5.0 450.0                            LAT/LON1/LON2/DLON/H
  139  132  127  121  118  116  115  115  114  112  110  108  105  102   98   94
   90   85   81   76   71   65   58   50   43   36   33   31   32   35   40   44
   47   49   50   49   49   49   51   55   60   67   73   81   88   95  101  106
  110  111  112  111  108  106  103  101  101  101  104  106  109  112  114  116
  118  121  127  132  138  142  144  143  139
    57.5-180.0 180.0   5.0 450.0                            LAT/LON1/LON2/DLON/H
  146  141  135  129  125  122  120  118  115  112  109  106  104  101   97   93
   87   80   75   69   64   58   52   46   39   33   31   29   31   35   39   43
   46   47   47   47   47   48   52   58   64   72   79   87   94  100  106  110
  114  116  116  115  112  110  108  106  106  108  112  116  120  122  123  122
  121  123  126  132  139  145  149  150  146
    55.0-180.0 180.0   5.0 450.0                            LAT/LON1/LON2/DLON/H
  155  150  145  139  134  130  126  122  117  112  107  105  103  101   98   92
   86   78   71   65   59   55   50   45   41   36   35   35   36   39   43   45
   47   47   47   46   47   50   55   63   71   80   87   94  100  106  111  115
  118  120  120  119  118  116  114  113  115  118  125  130  136  138  137  134
  130  129  131  135  142  149  155  156  155
    52.5-180.0 180.0   5.0 450.0                            LAT/LON1/LON2/DLON/H
  162  158  153  148  144  139  134  127  119  113  107  105  103  102  100   94
   86   78   70   64   59   56   52   50   48   46   44   44   46   48   50   52
   52   51   49   49   50   54   61   70   80   88   95  101  106  111  115  119
  122  124  125  125  124  123  123  123  126  131  139  148  156  159  156  151
  144  140  139  142  148  155  160  163  162
    50.0-180.0 180.0   5.0 450.0                            LAT/LON1/LON2/DLON/H
  167  164  161  157  153  148  142  134  124  116  109  106  105  104  102   96
   89   80   72   66   62   61   60   60   60   60   59   60   61   61   62   61
   60   58   55   54   55   59   67   77   87   96  103  108  112  116  120  123
  127  129  130  131  132  132  133  135  138  145  155  165  175  179  176  170
  162  154  151  151  156  161  166  168  167
    47.5-180.0 180.0   5.0 450.0                            LAT/LON1/LON2/DLON/H
  170  168  166  163  161  157  151  142  131  121  115  111  110  108  105   99
   92   84   78   72   69   69   70   72   75   76   77   77   77   76   75   73
   71   68   64   61   60   65   72   83   93  103  110  115  119  122  126  130
  133  135  137  139  141  142  144  147  151  158  168  181  192  196  196  189
  181  173  167  165  167  170  172  172  170
    45.0-180.0 180.0   5.0 450.0                            LAT/LON1/LON2/DLON/H
  172  168  167  166  166  164  159  151  140  131  124  119  117  113  109  103
   97   90   85   81   79   79   81   85   88   92   94   94   93   92   89   87
   85   80   75   70   68   70   76   87   97  107  116  122  127  130  134  138
  141  143  145  147  151  154  157  160  164  171  180  192  202  209  210  206
  199  192  185  181  179  178  177  174  172
    42.5-180.0 180.0   5.0 450.0                            LAT/LON1/LON2/DLON/H
  172  168  166  167  168  168  165  159  152  143  136  132  127  121  115  108
  103   98   94   91   89   89   91   95  100  104  107  109  109  107  105  102
  100   95   88   80   75   74   79   88  100  112  123  131  137  141  145  149
  151  152  154  157  161  166  170  174  177  183  190  200  209  216  220  221
  217  213  207  200  195  189  183  177  172
    40.0-180.0 180.0   5.0 450.0                            LAT/LON1/LON2/DLON/H
  173  168  165  166  168  170  170  168  163  158  152  146  139  131  122  116
  110  107  104  101  100   98   99  102  107  112  117  120  121  120  119  117
  114  109  101   91   82   77   80   89  102  118  132  142  149  154  157  160
  162  163  165  168  174  180  185  189  193  197  203  208  215  222  229  234
  236  235  230  223  212  202  190  180  173
    37.5-180.0 180.0   5.0 450.0                            LAT/LON1/LON2/DLON/H
  176  170  167  166  169  172  174  175  175  173  169  163  153  142  132  123
  119  117  114  112  109  106  105  107  111  118  124  128  131  132  132  131
  128  123  114  101   88   81   81   90  106  125  143  157  164  168  171  172
  173  172  174  179  186  194  201  207  212  217  221  224  228  235  244  252
  258  261  257  247  232  216  199  185  176
    35.0-180.0 180.0   5.0 450.0                            LAT/LON1/LON2/DLON/H
  184  178  174  172  173  175  177  182  184  186  184  178  168  155  142  134
  128  126  123  120  116  113  110  110  114  120  128  135  139  143  143  143
  140  134  124  109   94   84   83   93  111  135  157  172  181  184  184  184
  183  182  184  190  200  210  219  228  237  244  249  251  253  259  267  278
  287  291  287  275  256  234  212  195  184
    32.5-180.0 180.0   5.0 450.0                            LAT/LON1/LON2/DLON/H
  200  193  189  185  182  182  183  188  192  196  195  190  179  166  153  143
  138  134  130  127  123  118  115  114  118  124  131  140  148  152  154  152
  149  142  131  116  100   89   87   98  119  146  171  188  196  197  195  193
  191  190  194  202  214  227  240  253  267  279  287  291  293  298  304  314
  322  326  321  305  283  256  231  211  200
    30.0-180.0 180.0   5.0 450.0                            LAT/LON1/LON2/DLON/H
  223  217  211  206  200  195  193  195  200  202  202  197  187  173  161  151
  144  139  134  130  126  123  121  120  123  129  137  146  155  161  162  159
  153  146  135  120  104   94   93  105  127  157  184  201  207  206  203  199
  197  197  203  214  229  245  263  280  300  319  334  343  348  350  354  359
  365  366  358  339  313  283  255  235  223
    27.5-180.0 180.0   5.0 450.0                            LAT/LON1/LON2/DLON/H
  254  248  242  235  227  217  209  207  207  207  204  198  188  177  165  155
  148  141  135  130  128  127  127  129  132  137  144  153  162  166  166  162
  154  146  136  122  108   99   99  111  133  163  192  208  213  212  207  203
  201  204  213  227  245  265  285  308  334  360  383  398  406  408  408  409
  411  408  397  375  347  316  288  267  254
    25.0-180.0 180.0   5.0 450.0                            LAT/LON1/LON2/DLON/H
  293  285  280  272  261  248  236  227  219  212  204  195  185  175  165  156
  149  141  133  129  129  131  135  140  144  147  152  159  166  169  166  159
  150  142  132  121  109  102  102  113  135  165  192  209  214  212  208  205
  206  212  224  242  262  284  307  333  364  397  426  448  460  462  459  456
  454  447  433  411  383  354  326  306  293
    22.5-180.0 180.0   5.0 450.0                            LAT/LON1/LON2/DLON/H
  335  327  321  314  304  289  272  256  239  223  207  192  180  169  161  154
  147  138  130  126  128  134  144  153  157  158  160  163  166  166  160  151
  143  135  126  117  108  102  102  112  131  158  185  202  209  209  207  207
  211  221  237  257  279  302  326  354  387  423  457  483  497  501  497  492
  488  479  464  442  418  392  368  348  335
    20.0-180.0 180.0   5.0 450.0                            LAT/LON1/LON2/DLON/H
  376  367  362  358  350  337  319  296  269  242  216  194  178  166  157  150
  145  137  128  124  128  138  152  166  171  170  165  163  161  157  149  141
  134  127  120  113  105  100   98  104  120  145  171  190  200  204  206  210
  219  232  251  274  296  317  340  368  400  436  470  497  513  518  516  513
  509  501  486  468  448  428  407  389  376
    17.5-180.0 180.0   5.0 450.0                            LAT/LON1/LON2/DLON/H
  412  404  399  399  396  388  371  345  310  271  234  204  182  166  156  149
  144  138  130  126  130  142  160  176  182  177  166  157  151  144  136  129
  124  119  114  107  100   93   90   92  105  127  153  176  190  199  206  216
  229  245  266  289  311  331  350  375  405  439  469  493  508  516  518  519
  517  510  499  484  471  457  441  425  412
    15.0-180.0 180.0   5.0 450.0                            LAT/LON1/LON2/DLON/H
  441  433  430  433  437  436  423  396  356  308  263  224  196  176  162  154
  149  144  137  133  136  150  169  185  190  180  163  148  138  130  122  117
  115  114  109  101   93   85   78   78   88  109  136  161  181  195  207  221
  239  259  281  304  324  341  357  379  405  433  458  477  490  500  508  514
  515  511  503  493  485  477  465  452  441
    12.5-180.0 180.0   5.0 450.0                            LAT/LON1/LON2/DLON/H
  459  453  453  460  470  476  469  443  400  349  297  253  219  195  177  167
  161  157  152  147  150  161  178  192  193  178  156  136  125  117  113  110
  111  110  105   96   86   76   67   63   71   92  120  148  173  191  207  227
  248  271  293  315  333  348  362  380  402  425  443  456  467  480  495  505
  509  507  500  495  491  487  479  469  459
    10.0-180.0 180.0   5.0 450.0                            LAT/LON1/LON2/DLON/H
  470  466  468  479  494  504  502  479  438  385  331  285  248  221  201  187
  180  178  174  170  170  177  188  197  192  174  148  127  114  109  107  108
  110  109  102   92   79   66   56   51   59   78  107  138  166  187  207  229
  254  279  301  322  339  350  363  380  400  419  431  438  448  465  485  499
  503  501  495  491  490  488  484  477  470
     7.5-180.0 180.0   5.0 450.0                            LAT/LON1/LON2/DLON/H
  473  473  478  492  508  520  520  500  462  413  360  314  279  251  228  212
  205  204  202  200  198  198  201  201  191  169  142  122  111  107  108  110
  112  109  101   87   73   58   47   43   50   69   98  130  158  181  202  228
  255  282  305  324  339  350  363  381  402  419  427  430  439  460  484  501
  503  497  490  484  483  482  480  476  473
     5.0-180.0 180.0   5.0 450.0                            LAT/LON1/LON2/DLON/H
  472  476  485  501  517  529  527  508  474  427  379  337  305  279  255  238
  230  230  232  232  227  221  215  206  190  167  142  123  114  113  115  116
  115  109   98   83   67   52   42   38   46   65   92  124  151  173  195  221
  250  279  302  321  336  348  362  382  405  423  430  432  442  465  492  508
  506  495  483  475  471  470  469  470  472
     2.5-180.0 180.0   5.0 450.0                            LAT/LON1/LON2/DLON/H
  466  476  490  508  524  531  526  506  473  430  386  350  324  301  278  260
  252  254  258  259  254  242  228  213  193  169  147  131  124  123  124  122
  117  108   96   79   63   48   39   37   45   63   89  118  143  163  183  210
  241  271  296  316  331  343  360  384  410  430  438  440  451  477  505  516
  508  490  473  461  455  452  453  457  466
