igsg/igsg1280.16i
     1.0            IONOSPHERE MAPS     MIX                 IONEX VERSION / TYPE
cmpcmb v1.2          GRL/UWM            19-may-16 01:32     PGM / RUN BY / DATE 
ionex file containing IGS COMBINED Ionosphere maps          COMMENT             
global ionosphere maps for day 128, 2016                    DESCRIPTION         
IONEX file containing the COMBINED IGS TEC MAPS and DCBs    DESCRIPTION         
      IONEX files of the following IAACs were combined: cod DESCRIPTION         
                                                        jpl DESCRIPTION         
Contact address: Andrzej Krankowski                         DESCRIPTION
                 Geodynamics Research Laboratory            DESCRIPTION
                 University of Warmia and Mazury (GRL/UWM)  DESCRIPTION
                 Oczapowski St. 1                           DESCRIPTION
                 10-957-Olsztyn, POLAND                     DESCRIPTION
                 e-mail:  kand@uwm.edu.pl                   DESCRIPTION
                                                            DESCRIPTION         
  2016     5     7     0     0     0                        EPOCH OF FIRST MAP  
  2016     5     8     0     0     0                        EPOCH OF LAST MAP   
  7200                                                      INTERVAL            
    13                                                      # OF MAPS IN FILE   
  COSZ                                                      MAPPING FUNCTION    
     0.0                                                    ELEVATION CUTOFF    
combined TEC calculated as weighted mean of input TEC valuesOBSERVABLES USED    
   315                                                      # OF STATIONS       
    32                                                      # OF SATELLITES     
  6371.0                                                    BASE RADIUS         
     2                                                      MAP DIMENSION       
   450.0 450.0   0.0                                        HGT1 / HGT2 / DHGT  
    87.5 -87.5  -2.5                                        LAT1 / LAT2 / DLAT  
  -180.0 180.0   5.0                                        LON1 / LON2 / DLON  
    -1                                                      EXPONENT            
TEC values in 0.1 tec units;  9999, if no value available   COMMENT             
DCB values in nanoseconds, reference is Sum_of_SatDCBs = 0  COMMENT             
                                                            END OF HEADER       
[from data line 4290]
    11                                                      START OF TEC MAP    
  2016     5     7    20     0     0                        EPOCH OF CURRENT MAP
    87.5-180.0 180.0   5.0 450.0                            LAT/LON1/LON2/DLON/H
  108  108  108  108  108  108  108  108  108  108  108  108  108  108  108  108
  108  108  107  107  107  107  107  107  106  106  105  105  105  105  104  104
  104  103  103  103  102  102  102  102  102  102  102  102  102  102  102  102
  102  103  103  103  103  103  103  104  104  104  104  105  105  105  105  105
  106  106  106  107  107  107  107  108  108
    85.0-180.0 180.0   5.0 450.0                            LAT/LON1/LON2/DLON/H
  110  110  110  110  111  111  111  111  111  111  111  111  111  111  111  111
  111  111  111  111  110  110  109  108  108  107  106  106  105  104  103  102
  101  101  100  100   99   99   98   98   98   98   98   97   98   98   98   99
   99  100  100  101  101  101  102  103  103  103  104  104  105  106  106  106
  106  107  107  108  108  109  109  109  110
    82.5-180.0 180.0   5.0 450.0                            LAT/LON1/LON2/DLON/H
  112  113  113  113  113  113  113  113  114  114  114  114  115  115  115  115
  115  114  114  114  113  112  112  111  110  108  107  106  105  104  102  101
  100   99   98   96   96   95   94   94   94   93   93   94   94   95   95   96
   97   97   98   99   99  100  100  101  102  102  103  103  104  105  106  106
  107  107  108  109  109  110  111  111  112
    80.0-180.0 180.0   5.0 450.0                            LAT/LON1/LON2/DLON/H
  114  114  114  114  114  114  114  114  114  115  115  116  117  117  118  118
  118  118  118  117  117  115  114  113  112  110  108  107  105  103  101   99
   98   97   95   94   92   91   90   90   90   89   90   90   91   91   92   93
   95   95   96   97   97   98   99   99   99  100  101  101  102  103  104  105
  106  107  108  109  111  111  113  113  114
    77.5-180.0 180.0   5.0 450.0                            LAT/LON1/LON2/DLON/H
  115  115  114  114  114  113  113  113  113  114  116  117  118  120  121  122
  122  122  122  121  119  118  116  114  112  110  108  106  104  102  100   98
   96   94   93   91   89   88   87   86   86   86   86   86   88   88   90   90
   92   93   93   94   94   95   95   96   96   96   97   97   98   99  100  102
  104  105  107  109  111  112  113  114  115
    75.0-180.0 180.0   5.0 450.0                            LAT/LON1/LON2/DLON/H
  115  115  114  113  112  112  111  111  112  114  116  118  121  123  125  126
  126  126  125  123  121  119  117  114  112  110  107  105  103  101   99   96
   95   93   90   88   87   85   84   83   82   83   83   84   84   85   86   88
   89   90   90   90   90   90   90   90   90   90   91   92   93   94   96   97
  100  102  105  107  109  111  113  114  115
    72.5-180.0 180.0   5.0 450.0                            LAT/LON1/LON2/DLON/H
  114  114  113  112  111  109  108  109  110  113  116  120  124  127  130  131
  131  130  127  125  122  120  117  114  111  109  106  104  101   99   97   95
   93   91   88   87   84   82   81   80   80   80   80   81   81   82   84   85
   86   86   86   85   84   84   82   82   82   82   83   84   86   87   90   92
   95   98  100  103  106  109  111  113  114
    70.0-180.0 180.0   5.0 450.0                            LAT/LON1/LON2/DLON/H
  113  113  113  111  109  107  107  107  110  113  117  122  127  131  134  134
  134  132  130  127  123  120  116  113  110  107  104  102  100   99   96   94
   92   90   88   85   83   82   80   79   78   77   77   78   79   80   81   82
   82   82   80   79   77   75   74   73   72   73   74   76   78   81   83   86
   89   92   96   99  102  106  109  111  113
    67.5-180.0 180.0   5.0 450.0                            LAT/LON1/LON2/DLON/H
  112  113  113  111  109  107  106  106  109  114  119  125  131  135  138  139
  138  135  132  129  124  120  116  112  109  106  103  101   99   97   96   94
   92   90   88   86   84   81   80   78   77   77   77   77   77   78   78   78
   77   76   74   72   68   65   63   62   61   62   64   67   71   75   79   82
   85   88   91   95   99  103  107  110  112
    65.0-180.0 180.0   5.0 450.0                            LAT/LON1/LON2/DLON/H
  113  114  114  113  111  109  107  108  110  114  120  127  133  139  141  142
  141  138  134  130  125  121  117  113  110  106  103  101   99   98   97   95
   94   92   90   88   86   84   82   80   78   77   77   76   76   76   76   75
   73   71   67   64   59   55   52   50   50   52   55   59   65   70   76   80
   83   86   89   93   97  101  106  110  113
    62.5-180.0 180.0   5.0 450.0                            LAT/LON1/LON2/DLON/H
  116  118  118  116  115  112  111  111  113  116  122  129  135  140  144  144
  143  140  136  131  126  122  118  115  112  108  105  103  101  100   99   98
   97   96   94   92   91   88   86   84   82   80   79   78   76   75   74   72
   69   66   61   57   52   47   43   41   40   43   47   54   61   68   75   81
   84   87   90   93   98  102  108  112  116
    60.0-180.0 180.0   5.0 450.0                            LAT/LON1/LON2/DLON/H
  121  123  124  123  121  118  117  116  117  119  124  130  136  142  145  146
  145  141  137  132  128  124  122  119  115  112  109  106  104  104  103  103
  102  101   99   98   96   94   92   89   87   84   82   80   78   76   73   70
   66   62   58   53   47   41   38   35   34   37   43   50   59   68   76   83
   88   91   94   97  102  107  112  117  121
    57.5-180.0 180.0   5.0 450.0                            LAT/LON1/LON2/DLON/H
  129  131  131  131  129  127  125  123  123  125  127  132  138  143  147  148
  145  142  137  133  130  127  126  124  121  118  115  113  111  110  109  109
  108  107  106  104  103  101   99   97   93   90   87   84   81   77   73   70
   65   62   57   52   47   41   37   34   33   36   42   50   60   70   80   88
   94   97  100  103  108  113  119  125  129
    55.0-180.0 180.0   5.0 450.0                            LAT/LON1/LON2/DLON/H
  137  139  139  139  138  137  135  134  133  132  133  136  140  145  148  148
  146  142  137  134  132  131  130  131  129  127  124  121  119  118  117  117
  115  114  112  111  110  109  107  105  101   97   93   88   84   79   75   71
   67   63   60   57   53   48   43   40   38   40   45   53   63   74   85   94
  101  105  109  112  117  122  128  133  137
    52.5-180.0 180.0   5.0 450.0                            LAT/LON1/LON2/DLON/H
  146  147  148  149  149  149  149  148  146  144  143  144  147  149  151  151
  147  143  138  136  135  135  137  138  138  136  134  132  130  128  127  126
  123  121  119  118  118  117  116  113  110  105  100   94   88   83   78   73
   71   69   67   65   63   60   56   52   49   49   53   59   68   80   91  101
  108  113  117  122  127  133  138  142  146
    50.0-180.0 180.0   5.0 450.0                            LAT/LON1/LON2/DLON/H
  154  155  156  157  159  161  163  163  162  161  158  157  156  157  156  154
  150  145  140  139  139  141  144  146  148  148  146  143  141  139  137  135
  132  129  127  125  125  126  125  122  118  112  107  100   94   87   82   78
   76   76   77   78   77   75   72   67   64   62   63   67   75   85   96  106
  115  121  127  132  138  143  148  151  154
    47.5-180.0 180.0   5.0 450.0                            LAT/LON1/LON2/DLON/H
  161  162  162  165  167  172  177  180  181  180  177  174  171  169  167  162
  156  150  146  145  146  149  153  157  159  159  158  156  153  150  148  145
  141  138  134  133  134  135  134  131  126  120  113  106   99   93   87   84
   83   85   88   91   92   92   89   84   80   76   74   77   82   90  101  111
  120  128  136  141  147  152  157  159  161
    45.0-180.0 180.0   5.0 450.0                            LAT/LON1/LON2/DLON/H
  167  168  169  172  175  181  188  195  200  200  198  195  191  186  180  173
  165  159  156  156  157  161  164  168  170  172  170  168  164  161  157  154
  150  146  143  142  143  144  142  139  134  127  120  112  105   99   94   91
   91   94   98  103  106  106  103   99   94   89   86   86   89   96  104  114
  125  134  143  150  155  161  165  167  167
    42.5-180.0 180.0   5.0 450.0                            LAT/LON1/LON2/DLON/H
  174  174  176  178  182  189  198  207  216  220  221  218  213  205  197  187
  179  173  171  171  173  176  179  182  183  184  183  179  175  171  168  165
  160  157  154  154  154  154  151  146  140  133  126  119  112  106  101   99
   99  103  108  113  117  117  115  110  104   99   96   95   97  100  107  117
  128  138  148  156  163  167  170  173  174
    40.0-180.0 180.0   5.0 450.0                            LAT/LON1/LON2/DLON/H
  180  181  182  184  187  193  204  216  228  238  242  242  237  228  217  207
  198  193  191  192  193  195  196  197  197  197  195  192  187  182  178  175
  172  168  166  165  166  165  160  153  145  138  131  124  118  113  109  108
  108  111  115  120  123  124  122  117  112  107  104  102  103  105  111  118
  129  141  153  162  168  172  176  178  180
    37.5-180.0 180.0   5.0 450.0                            LAT/LON1/LON2/DLON/H
  185  187  188  190  192  198  208  222  237  251  261  264  261  252  241  229
  220  215  214  216  216  216  215  214  212  212  209  205  200  195  191  189
  185  182  180  179  178  174  167  157  148  140  134  128  124  119  117  115
  115  117  121  124  126  127  125  120  116  112  109  108  109  110  113  120
  131  143  155  165  171  176  179  183  185
    35.0-180.0 180.0   5.0 450.0                            LAT/LON1/LON2/DLON/H
  190  193  196  196  197  202  212  226  244  262  276  284  283  275  264  253
  244  240  240  241  241  239  236  232  229  228  225  222  217  211  208  205
  202  198  195  193  190  183  173  159  148  140  135  131  126  123  122  122
  122  123  124  126  127  126  125  122  118  115  113  112  113  114  116  121
  132  146  158  167  174  178  182  186  190
    32.5-180.0 180.0   5.0 450.0                            LAT/LON1/LON2/DLON/H
  194  199  201  203  204  208  217  231  250  270  289  300  303  297  288  278
  271  267  266  266  264  261  257  252  248  247  245  242  238  232  229  225
  221  216  211  206  200  189  175  159  146  139  134  130  127  126  126  126
  127  126  125  125  125  125  124  121  118  115  115  115  116  116  118  123
  134  146  160  169  175  179  184  189  194
    30.0-180.0 180.0   5.0 450.0                            LAT/LON1/LON2/DLON/H
  196  202  207  209  212  216  224  238  257  278  300  314  320  318  312  304
  297  293  291  289  287  282  278  273  271  270  270  268  263  259  254  249
  242  235  227  218  208  193  174  156  143  135  132  129  126  125  127  128
  128  127  124  122  121  122  122  120  118  115  115  116  117  118  120  124
  134  148  161  170  176  180  184  190  196
    27.5-180.0 180.0   5.0 450.0                            LAT/LON1/LON2/DLON/H
  197  205  212  216  221  226  235  248  266  287  309  327  336  337  334  329
  324  319  315  312  309  305  301  299  299  299  299  298  294  289  284  276
  266  254  242  229  214  194  173  154  140  134  131  128  124  124  125  128
  127  125  120  117  116  116  119  118  116  114  114  115  117  119  120  124
  133  147  161  172  177  180  184  190  197
    25.0-180.0 180.0   5.0 450.0                            LAT/LON1/LON2/DLON/H
  198  207  215  223  230  238  248  262  278  299  321  339  351  356  356  354
  349  344  339  334  332  331  330  331  333  335  334  332  329  323  316  305
  290  272  255  238  218  195  173  154  141  135  132  128  124  121  123  124
  124  120  115  111  109  111  114  115  113  112  112  113  115  117  119  122
  132  145  161  172  177  181  184  190  198
    22.5-180.0 180.0   5.0 450.0                            LAT/LON1/LON2/DLON/H
  199  209  219  229  239  250  262  277  294  313  333  352  365  374  378  378
  375  369  363  359  360  363  368  372  374  376  374  370  364  357  349  334
  312  288  266  245  222  198  177  159  148  141  138  133  126  122  121  121
  120  115  109  104  101  103  107  110  109  108  109  110  111  113  114  118
  128  143  159  171  178  181  185  191  199
    20.0-180.0 180.0   5.0 450.0                            LAT/LON1/LON2/DLON/H
  201  211  223  236  249  261  276  294  311  329  348  365  380  391  399  402
  400  395  390  390  396  405  415  421  423  421  415  406  398  389  377  358
  330  300  274  251  227  205  185  171  160  154  149  142  133  125  122  120
  117  111  104   97   94   95   99  102  103  103  104  105  106  107  108  113
  122  138  156  171  179  182  186  192  201
    17.5-180.0 180.0   5.0 450.0                            LAT/LON1/LON2/DLON/H
  204  216  230  244  258  272  288  308  328  346  363  379  394  406  417  423
  425  421  419  424  437  454  470  476  475  466  453  439  425  413  398  375
  342  308  279  255  234  215  200  189  178  171  165  156  144  133  126  121
  115  108   99   91   87   87   90   94   95   97   99  100  100  101  102  106
  116  132  152  168  179  185  189  196  204
    15.0-180.0 180.0   5.0 450.0                            LAT/LON1/LON2/DLON/H
  211  224  239  255  267  281  298  321  342  360  376  391  405  419  433  442
  446  447  450  462  483  507  525  530  523  505  482  461  442  426  409  383
  347  309  280  259  241  228  218  209  199  190  182  172  158  145  133  125
  117  108   98   89   82   80   82   85   88   91   93   95   94   94   94   98
  109  125  146  165  179  188  194  201  211
    12.5-180.0 180.0   5.0 450.0                            LAT/LON1/LON2/DLON/H
  220  235  252  267  279  290  307  330  353  372  387  400  413  428  444  458
  465  470  480  499  527  557  575  576  560  531  499  470  446  428  409  381
  344  307  280  261  249  241  235  227  217  207  198  187  173  157  143  131
  120  110   99   89   80   76   76   78   81   85   87   89   88   87   87   91
  102  118  139  161  178  190  199  208  220
    10.0-180.0 180.0   5.0 450.0                            LAT/LON1/LON2/DLON/H
  230  249  267  283  292  302  317  338  361  380  394  405  416  432  452  468
  479  489  505  530  564  594  611  604  579  540  500  465  438  418  397  370
  335  301  277  262  255  251  248  240  229  216  207  197  185  168  152  137
  125  113  103   92   81   75   73   74   77   80   83   84   83   81   82   86
   96  112  133  156  176  191  202  214  230
     7.5-180.0 180.0   5.0 450.0                            LAT/LON1/LON2/DLON/H
  240  262  284  300  309  316  328  346  367  385  399  408  418  434  454  473
  487  501  522  551  586  615  625  611  578  532  487  450  422  402  381  356
  324  294  273  262  258  256  252  243  229  217  208  200  189  174  158  141
  127  116  107   97   87   78   74   73   75   77   79   79   78   77   77   82
   91  106  127  151  173  191  205  221  240
     5.0-180.0 180.0   5.0 450.0                            LAT/LON1/LON2/DLON/H
  249  275  300  318  327  333  342  356  374  390  403  409  418  433  453  472
  487  505  527  557  590  614  617  597  558  510  465  430  405  385  366  341
  313  287  270  260  256  253  246  234  220  206  198  193  185  172  156  140
  126  118  111  102   92   83   77   74   73   74   75   75   74   73   74   79
   87  101  120  145  169  189  207  226  249
     2.5-180.0 180.0   5.0 450.0                            LAT/LON1/LON2/DLON/H
  254  284  312  333  345  350  358  370  384  397  407  412  419  431  448  465
  480  496  518  546  573  591  588  564  525  481  442  413  391  374  354  330
  304  280  264  255  249  242  230  214  198  186  179  175  170  161  147  132
  122  116  112  105   96   87   79   75   72   72   72   71   70   70   72   76
   84   96  114  139  165  187  207  228  254
