igsg/igsg0390.17i
     1.0            IONOSPHERE MAPS     MIX                 IONEX VERSION / TYPE
cmpcmb v1.2          GRL/UWM            25-feb-17 16:11     PGM / RUN BY / DATE 
ionex file containing IGS COMBINED Ionosphere maps          COMMENT             
global ionosphere maps for day 039, 2017                    DESCRIPTION         
IONEX file containing the COMBINED IGS TEC MAPS and DCBs    DESCRIPTION         
      IONEX files of the following IAACs were combined: cod DESCRIPTION         
                                                        jpl DESCRIPTION         
Contact address: Andrzej Krankowski                         DESCRIPTION
                 Geodynamics Research Laboratory            DESCRIPTION
                 University of Warmia and Mazury (GRL/UWM)  DESCRIPTION
                 Oczapowski St. 1                           DESCRIPTION
                 10-957-Olsztyn, POLAND                     DESCRIPTION
                 e-mail:  kand@uwm.edu.pl                   DESCRIPTION
                                                            DESCRIPTION         
  2017     2     8     0     0     0                        EPOCH OF FIRST MAP  
  2017     2     9     0     0     0                        EPOCH OF LAST MAP   
  7200                                                      INTERVAL            
    13                                                      # OF MAPS IN FILE   
  COSZ                                                      MAPPING FUNCTION    
     0.0                                                    ELEVATION CUTOFF    
combined TEC calculated as weighted mean of input TEC valuesOBSERVABLES USED    
   329                                                      # OF STATIONS       
    32                                                      # OF SATELLITES     
  6371.0                                                    BASE RADIUS         
     2                                                      MAP DIMENSION       
   450.0 450.0   0.0                                        HGT1 / HGT2 / DHGT  
    87.5 -87.5  -2.5                                        LAT1 / LAT2 / DLAT  
  -180.0 180.0   5.0                                        LON1 / LON2 / DLON  
    -1                                                      EXPONENT            
TEC values in 0.1 tec units;  9999, if no value available   COMMENT             
DCB values in nanoseconds, reference is Sum_of_SatDCBs = 0  COMMENT             
                                                            END OF HEADER       
[from data line 4719]
    12                                                      START OF TEC MAP    
  2017     2     8    22     0     0                        EPOCH OF CURRENT MAP
    87.5-180.0 180.0   5.0 450.0                            LAT/LON1/LON2/DLON/H
   20   20   20   20   20   20   20   20   20   20   19   19   19   19   19   19
   18   18   18   18   17   17   16   16   15   15   15   14   14   14   13   13
   13   12   12   12   12   12   12   12   12   12   12   12   13   13   13   14
   14   14   15   15   15   16   16   17   17   17   17   18   18   18   18   19
   19   19   19   19   19   19   19   20   20
    85.0-180.0 180.0   5.0 450.0                            LAT/LON1/LON2/DLON/H
   26   26   27   27   27   27   27   28   27   27   28   28   28   28   27   27
   26   26   25   24   24   23   22   21   20   19   18   18   17   16   15   14
   13   12   12   11   11   11   11   11   11   11   12   12   12   13   14   15
   16   16   17   18   19   20   20   21   22   22   23   23   24   24   25   25
   25   25   25   26   26   26   26   26   26
    82.5-180.0 180.0   5.0 450.0                            LAT/LON1/LON2/DLON/H
   32   33   34   34   35   36   36   37   37   38   38   39   39   39   39   39
   38   37   36   34   33   32   30   29   27   26   24   22   21   20   19   17
   16   15   15   14   13   13   12   12   13   13   13   14   14   15   16   18
   19   20   21   22   24   25   26   27   28   28   29   29   29   30   30   30
   30   31   31   31   31   32   32   32   32
    80.0-180.0 180.0   5.0 450.0                            LAT/LON1/LON2/DLON/H
   39   40   41   43   44   45   46   48   49   50   51   52   52   52   52   51
   51   49   48   46   44   41   39   37   35   33   31   29   28   26   25   24
   22   21   20   19   18   17   16   16   16   16   16   17   17   18   19   20
   22   23   25   26   27   29   30   31   31   32   33   33   33   33   34   34
   33   34   35   35   35   36   37   38   39
    77.5-180.0 180.0   5.0 450.0                            LAT/LON1/LON2/DLON/H
   45   47   49   51   53   55   57   59   61   62   64   65   65   65   65   63
   62   60   58   56   53   50   47   44   42   40   37   35   33   32   31   30
   28   28   26   25   24   23   21   21   20   20   19   19   19   20   21   22
   23   25   26   28   29   30   31   32   32   32   33   33   33   33   33   34
   34   35   36   37   38   39   41   43   45
    75.0-180.0 180.0   5.0 450.0                            LAT/LON1/LON2/DLON/H
   50   53   57   59   62   65   68   70   73   74   75   76   77   76   75   74
   72   69   66   63   60   56   52   49   46   44   41   39   37   36   35   34
   33   32   31   30   29   27   26   25   24   23   22   21   21   22   22   23
   24   25   26   27   28   29   29   30   30   30   29   29   29   29   29   30
   30   32   34   36   38   41   44   47   50
    72.5-180.0 180.0   5.0 450.0                            LAT/LON1/LON2/DLON/H
   55   59   64   67   71   74   77   79   82   84   85   85   85   84   83   81
   79   75   72   68   64   60   56   52   49   45   43   41   39   38   37   36
   35   34   34   33   32   31   29   27   26   24   23   22   22   21   21   22
   22   23   23   24   25   25   26   26   26   25   24   24   23   24   23   25
   25   28   30   34   37   41   46   50   55
    70.0-180.0 180.0   5.0 450.0                            LAT/LON1/LON2/DLON/H
   59   65   70   74   79   82   85   87   89   90   92   92   92   90   88   85
   81   78   74   70   66   62   58   53   49   46   43   41   39   37   36   36
   35   35   34   33   31   30   29   27   25   23   22   21   20   20   20   20
   20   20   21   21   22   22   22   22   21   20   19   18   18   18   18   19
   21   23   27   31   36   42   47   54   59
    67.5-180.0 180.0   5.0 450.0                            LAT/LON1/LON2/DLON/H
   64   69   75   80   84   87   90   92   94   95   96   96   95   93   90   87
   82   78   75   71   67   62   58   54   49   46   42   39   37   35   34   33
   33   32   31   30   28   27   26   24   22   21   20   19   18   18   18   17
   18   18   18   18   19   19   19   20   19   18   17   15   15   15   15   17
   19   22   26   31   37   43   50   57   64
    65.0-180.0 180.0   5.0 450.0                            LAT/LON1/LON2/DLON/H
   68   74   80   84   88   90   92   94   95   96   97   97   96   94   91   86
   82   79   75   72   68   64   60   55   51   46   41   38   35   33   32   31
   30   28   27   25   24   22   21   20   18   17   17   16   17   16   16   16
   15   15   16   16   18   19   21   21   20   19   17   16   15   15   15   17
   19   24   28   34   40   46   53   61   68
    62.5-180.0 180.0   5.0 450.0                            LAT/LON1/LON2/DLON/H
   73   79   84   87   90   92   92   93   94   95   96   97   97   95   91   87
   83   80   76   74   71   67   62   57   52   47   42   38   35   32   30   29
   27   24   22   20   19   18   17   16   16   16   16   17   17   17   16   15
   15   15   16   18   20   23   25   26   25   23   21   19   19   18   19   21
   24   28   33   39   45   52   58   66   73
    60.0-180.0 180.0   5.0 450.0                            LAT/LON1/LON2/DLON/H
   78   83   87   90   92   93   92   92   92   93   95   96   97   96   93   89
   85   82   79   77   74   71   67   61   55   49   44   39   36   33   31   29
   26   23   20   17   16   15   15   15   16   16   18   20   20   20   19   17
   16   17   18   20   24   27   31   32   32   30   27   25   23   23   25   27
   31   36   40   46   52   58   65   71   78
    57.5-180.0 180.0   5.0 450.0                            LAT/LON1/LON2/DLON/H
   83   88   92   94   95   94   94   92   91   92   94   96   98   98   96   93
   90   86   83   80   77   75   71   65   59   52   47   43   40   38   34   31
   27   23   19   17   16   16   17   18   19   21   24   26   26   26   24   22
   20   20   22   26   31   35   39   40   39   37   33   31   29   29   31   34
   39   43   49   54   60   65   71   77   83
    55.0-180.0 180.0   5.0 450.0                            LAT/LON1/LON2/DLON/H
   88   93   97  100  101  100   98   95   93   93   95   98  101  101  101   98
   95   90   86   83   81   79   75   69   63   57   52   49   46   44   40   36
   31   26   23   21   21   21   22   25   26   30   32   34   35   34   32   29
   27   27   29   33   38   43   47   48   46   43   39   35   34   34   36   40
   45   49   55   61   66   71   77   83   88
    52.5-180.0 180.0   5.0 450.0                            LAT/LON1/LON2/DLON/H
   93   98  103  107  109  109  107  103  100   98   98  101  104  105  106  104
  101   95   91   87   83   81   78   73   67   61   58   55   53   50   47   42
   36   31   28   27   28   30   32   35   36   39   42   44   45   44   40   37
   35   36   39   43   47   51   54   54   52   47   42   39   36   37   39   43
   48   54   60   66   72   77   83   88   93
    50.0-180.0 180.0   5.0 450.0                            LAT/LON1/LON2/DLON/H
   98  105  111  116  120  122  120  116  111  107  105  105  108  110  110  109
  106  100   94   89   86   84   81   76   71   66   63   61   60   57   54   48
   42   38   35   35   38   41   44   46   47   50   52   53   54   53   49   46
   45   47   50   54   58   60   61   59   55   50   45   41   38   38   40   44
   50   57   63   70   75   81   87   92   98
    47.5-180.0 180.0   5.0 450.0                            LAT/LON1/LON2/DLON/H
  103  111  119  127  133  136  136  131  125  120  115  112  113  113  114  113
  110  104   98   93   89   88   85   81   76   72   68   67   65   62   58   52
   47   44   43   46   49   53   56   57   57   58   60   61   62   60   58   56
   56   59   62   65   68   68   67   63   58   52   46   41   39   38   40   45
   51   58   65   72   78   84   90   96  103
    45.0-180.0 180.0   5.0 450.0                            LAT/LON1/LON2/DLON/H
  109  118  128  138  146  151  151  147  140  133  125  120  118  117  117  116
  114  109  104   98   95   93   91   87   83   78   73   71   68   65   61   56
   51   49   51   55   60   64   66   66   65   65   66   67   67   66   66   66
   67   70   73   76   76   75   71   66   60   53   47   42   39   38   41   46
   53   60   68   74   81   87   93  101  109
    42.5-180.0 180.0   5.0 450.0                            LAT/LON1/LON2/DLON/H
  113  124  135  146  156  162  163  160  153  144  135  128  123  121  121  120
  118  115  110  107  104  103  101   97   91   85   78   74   71   66   62   57
   54   54   58   63   69   73   73   72   71   70   70   71   72   72   72   74
   77   80   83   83   82   79   75   69   62   56   49   44   40   40   43   48
   55   63   71   78   84   91   98  105  113
    40.0-180.0 180.0   5.0 450.0                            LAT/LON1/LON2/DLON/H
  119  129  140  152  162  169  170  167  161  153  144  136  130  127  125  124
  123  121  119  117  116  115  113  108  101   93   84   77   72   67   63   59
   57   59   63   70   76   79   79   76   74   74   74   74   75   76   78   81
   85   87   89   89   86   82   77   70   64   57   51   46   43   43   46   53
   60   69   76   83   89   96  103  110  119
    37.5-180.0 180.0   5.0 450.0                            LAT/LON1/LON2/DLON/H
  124  134  145  155  164  169  170  168  163  157  150  143  137  134  131  130
  130  129  129  128  129  129  126  120  111  100   89   80   73   69   66   63
   62   64   69   76   81   83   82   78   76   76   77   77   78   79   83   87
   90   93   93   91   88   83   77   71   65   59   55   49   47   48   51   59
   67   75   82   89   95  101  109  116  124
    35.0-180.0 180.0   5.0 450.0                            LAT/LON1/LON2/DLON/H
  131  139  147  156  161  165  165  163  160  157  153  149  146  142  140  138
  138  138  139  140  142  142  138  131  119  107   94   84   77   74   71   69
   69   71   76   82   86   87   84   80   78   78   80   80   80   82   85   90
   93   94   93   90   86   82   76   71   66   61   57   53   51   52   58   66
   75   83   90   96  102  108  115  123  131
    32.5-180.0 180.0   5.0 450.0                            LAT/LON1/LON2/DLON/H
  139  146  151  155  158  158  157  156  155  155  155  155  154  152  150  148
  146  146  147  150  153  152  147  138  125  111   98   89   83   81   80   79
   79   80   83   87   90   89   86   82   81   81   83   82   82   83   86   90
   92   92   90   87   83   79   74   70   67   63   58   55   53   56   63   72
   82   90   96  102  108  115  123  130  139
    30.0-180.0 180.0   5.0 450.0                            LAT/LON1/LON2/DLON/H
  149  155  159  159  157  154  151  150  151  154  158  161  164  164  161  159
  156  153  154  156  158  158  152  141  127  114  103   96   92   92   92   92
   91   90   91   92   93   92   88   85   84   84   84   83   82   82   84   86
   88   87   85   82   79   76   72   69   65   63   59   56   55   59   67   78
   88   96  102  107  114  122  131  141  149
    27.5-180.0 180.0   5.0 450.0                            LAT/LON1/LON2/DLON/H
  163  170  172  170  165  159  155  152  153  158  164  170  173  175  174  170
  165  160  159  160  161  159  153  141  127  116  108  104  104  106  107  107
  105  101   98   96   96   94   91   88   87   86   84   83   80   78   79   80
   80   79   77   76   74   72   69   66   64   61   58   55   54   59   69   82
   93  101  106  111  119  128  140  152  163
    25.0-180.0 180.0   5.0 450.0                            LAT/LON1/LON2/DLON/H
  181  190  193  191  184  178  172  169  168  170  175  181  185  187  186  182
  175  167  163  161  161  158  151  138  127  119  116  116  119  122  124  123
  118  111  104   99   98   95   93   89   87   86   83   78   75   72   72   72
   72   70   70   70   70   69   66   64   61   59   56   52   52   58   70   83
   95  104  109  115  124  136  150  166  181
    22.5-180.0 180.0   5.0 450.0                            LAT/LON1/LON2/DLON/H
  199  213  220  221  217  213  207  202  197  194  193  196  198  200  199  194
  185  175  168  164  162  158  150  139  130  126  127  132  136  140  141  139
  131  120  109  103   99   97   93   90   86   83   78   73   69   66   64   63
   63   62   63   65   67   66   64   61   58   56   52   48   49   55   68   83
   97  105  112  118  129  144  162  181  199
    20.0-180.0 180.0   5.0 450.0                            LAT/LON1/LON2/DLON/H
  218  237  250  256  260  261  258  251  240  229  220  214  214  214  212  207
  197  186  176  170  167  163  155  146  139  140  144  150  155  157  156  152
  141  127  114  105  101   98   94   90   84   78   72   67   62   59   58   57
   56   56   59   62   65   64   61   58   55   52   48   44   44   52   66   82
   97  107  114  123  136  153  174  197  218
    17.5-180.0 180.0   5.0 450.0                            LAT/LON1/LON2/DLON/H
  236  258  277  292  305  315  318  310  292  271  251  237  231  228  226  221
  211  200  189  182  178  174  167  160  157  159  165  170  173  172  168  161
  149  133  119  110  105  101   96   89   81   74   67   60   56   53   52   52
   52   54   57   61   64   63   59   55   52   48   44   39   40   49   65   82
   97  108  118  128  144  164  186  210  236
    15.0-180.0 180.0   5.0 450.0                            LAT/LON1/LON2/DLON/H
  247  273  296  319  342  363  373  368  345  314  284  261  249  245  241  236
  228  216  206  200  197  195  190  184  182  184  189  191  189  183  176  167
  154  139  125  117  112  106   98   89   80   70   63   56   52   51   51   51
   52   55   58   61   63   61   57   52   48   45   40   36   38   48   64   83
   99  111  122  136  153  175  197  222  247
    12.5-180.0 180.0   5.0 450.0                            LAT/LON1/LON2/DLON/H
  254  280  306  334  364  394  413  410  387  351  312  283  267  261  257  252
  245  236  228  225  224  224  221  215  212  212  212  209  201  190  180  169
  157  145  134  127  122  114  104   92   80   70   61   55   52   51   51   52
   53   56   59   61   62   60   55   50   46   42   38   34   37   49   66   85
  101  114  127  143  163  185  207  230  254
    10.0-180.0 180.0   5.0 450.0                            LAT/LON1/LON2/DLON/H
  257  280  305  334  367  402  427  429  407  370  329  298  283  277  272  268
  263  257  253  253  257  259  258  252  246  241  234  223  209  194  180  170
  161  152  146  141  135  125  113   98   85   73   63   58   54   53   53   54
   56   58   60   61   61   57   53   49   45   42   38   35   39   52   70   89
  105  118  132  149  171  194  215  235  257
     7.5-180.0 180.0   5.0 450.0                            LAT/LON1/LON2/DLON/H
  258  278  299  323  353  387  413  419  402  370  334  306  294  290  286  282
  279  277  278  282  290  296  296  289  278  265  251  234  215  196  182  173
  167  163  160  156  148  137  123  107   92   79   69   62   58   56   55   56
   57   58   59   59   58   56   52   48   45   42   39   38   43   57   76   94
  108  121  135  154  177  200  220  239  258
     5.0-180.0 180.0   5.0 450.0                            LAT/LON1/LON2/DLON/H
  259  276  292  309  331  357  378  384  373  351  324  305  299  298  295  292
  291  293  297  307  318  328  328  319  303  285  263  241  218  198  185  178
  176  175  174  171  162  149  133  117  101   87   75   67   62   59   57   56
   56   55   56   57   56   55   52   49   47   43   42   42   48   63   81   98
  111  123  137  156  180  202  223  241  259
     2.5-180.0 180.0   5.0 450.0                            LAT/LON1/LON2/DLON/H
  262  278  290  300  312  326  337  340  333  319  305  298  299  302  300  296
  297  302  310  322  335  347  348  338  319  296  270  244  221  203  191  186
  186  187  187  183  172  157  141  125  110   95   81   71   65   60   57   55
   53   52   52   54   54   55   54   52   50   47   45   46   53   69   87  102
  114  123  137  155  178  202  223  242  262
