igsg/igsg1290.16i
     1.0            IONOSPHERE MAPS     MIX                 IONEX VERSION / TYPE
cmpcmb v1.2          GRL/UWM            27-may-16 13:30     PGM / RUN BY / DATE 
ionex file containing IGS COMBINED Ionosphere maps          COMMENT             
global ionosphere maps for day 129, 2016                    DESCRIPTION         
IONEX file containing the COMBINED IGS TEC MAPS and DCBs    DESCRIPTION         
      IONEX files of the following IAACs were combined: cod DESCRIPTION         
                                                        jpl DESCRIPTION         
Contact address: Andrzej Krankowski                         DESCRIPTION
                 Geodynamics Research Laboratory            DESCRIPTION
                 University of Warmia and Mazury (GRL/UWM)  DESCRIPTION
                 Oczapowski St. 1                           DESCRIPTION
                 10-957-Olsztyn, POLAND                     DESCRIPTION
                 e-mail:  kand@uwm.edu.pl                   DESCRIPTION
                                                            DESCRIPTION         
  2016     5     8     0     0     0                        EPOCH OF FIRST MAP  
  2016     5     9     0     0     0                        EPOCH OF LAST MAP   
  7200                                                      INTERVAL            
    13                                                      # OF MAPS IN FILE   
  COSZ                                                      MAPPING FUNCTION    
     0.0                                                    ELEVATION CUTOFF    
combined TEC calculated as weighted mean of input TEC valuesOBSERVABLES USED    
   312                                                      # OF STATIONS       
    32                                                      # OF SATELLITES     
  6371.0                                                    BASE RADIUS         
     2                                                      MAP DIMENSION       
   450.0 450.0   0.0                                        HGT1 / HGT2 / DHGT  
    87.5 -87.5  -2.5                                        LAT1 / LAT2 / DLAT  
  -180.0 180.0   5.0                                        LON1 / LON2 / DLON  
    -1                                                      EXPONENT            
TEC values in 0.1 tec units;  9999, if no value available   COMMENT             
DCB values in nanoseconds, reference is Sum_of_SatDCBs = 0  COMMENT             
                                                            END OF HEADER       
[from data line 4719]
    12                                                      START OF TEC MAP    
  2016     5     8    22     0     0                        EPOCH OF CURRENT MAP
    87.5-180.0 180.0   5.0 450.0                            LAT/LON1/LON2/DLON/H
   73   73   74   74   74   75   75   75   75   76   76   76   76   76   76   76
   76   76   76   75   75   75   74   73   73   72   71   70   69   69   68   67
   66   65   64   64   63   63   63   63   62   62   62   62   62   62   63   63
   63   64   64   65   65   66   66   67   67   68   68   69   69   69   70   70
   71   71   71   72   72   72   72   73   73
    85.0-180.0 180.0   5.0 450.0                            LAT/LON1/LON2/DLON/H
   75   75   76   76   77   78   79   80   81   82   83   84   85   85   86   86
   86   87   86   86   85   83   82   81   79   77   75   73   71   69   67   65
   63   62   60   59   58   57   57   56   56   56   56   57   57   58   58   60
   61   62   63   64   65   66   67   68   69   70   71   71   72   73   73   73
   74   74   74   74   74   74   74   75   75
    82.5-180.0 180.0   5.0 450.0                            LAT/LON1/LON2/DLON/H
   74   74   75   76   77   79   80   83   84   86   89   91   93   94   95   96
   97   98   98   97   96   95   93   90   88   84   82   78   74   71   68   65
   62   59   58   56   55   53   53   52   53   53   53   54   55   56   57   58
   60   61   63   65   66   68   70   71   72   74   75   75   76   76   76   77
   76   76   76   75   75   74   74   74   74
    80.0-180.0 180.0   5.0 450.0                            LAT/LON1/LON2/DLON/H
   71   72   73   74   76   79   81   85   88   92   94   98  101  103  105  106
  108  108  108  107  107  105  103  100   96   93   88   84   79   75   70   66
   63   60   57   56   55   54   54   54   54   54   54   55   56   57   58   60
   61   63   65   67   69   71   73   75   76   78   79   79   80   80   80   80
   79   77   77   75   75   74   73   72   71
    77.5-180.0 180.0   5.0 450.0                            LAT/LON1/LON2/DLON/H
   70   71   71   74   76   80   84   88   93   97  101  105  108  111  113  114
  115  115  116  115  114  112  110  107  104   99   94   89   84   78   74   69
   65   63   61   60   59   60   59   60   60   60   60   60   60   61   62   63
   64   66   68   70   72   74   76   77   79   80   81   81   81   81   81   80
   80   79   78   75   74   73   71   71   70
    75.0-180.0 180.0   5.0 450.0                            LAT/LON1/LON2/DLON/H
   70   71   72   75   78   82   87   93   99  104  109  113  116  118  119  119
  119  119  118  117  117  116  114  112  109  104   99   94   88   83   78   73
   70   68   67   67   68   69   70   70   70   70   69   68   67   66   66   66
   67   69   71   73   75   77   78   80   80   81   81   81   82   82   81   81
   80   79   77   75   75   72   72   71   70
    72.5-180.0 180.0   5.0 450.0                            LAT/LON1/LON2/DLON/H
   73   73   74   77   81   86   92   99  107  113  119  123  125  125  124  122
  120  118  116  115  115  114  114  112  111  107  103   98   92   87   82   78
   75   74   74   75   77   79   81   82   82   80   79   76   73   70   69   68
   69   70   73   75   77   79   80   81   81   81   81   81   80   80   80   80
   80   79   78   77   76   74   73   72   73
    70.0-180.0 180.0   5.0 450.0                            LAT/LON1/LON2/DLON/H
   76   77   78   81   85   91   98  106  115  122  129  133  134  132  128  123
  117  113  111  110  109  109  110  110  110  108  105  101   96   91   87   83
   81   80   81   83   85   87   89   90   90   88   85   81   77   72   70   69
   69   70   73   76   78   80   81   81   80   80   79   79   78   78   78   78
   79   79   79   78   77   77   76   76   76
    67.5-180.0 180.0   5.0 450.0                            LAT/LON1/LON2/DLON/H
   80   80   82   84   87   93  101  111  121  131  138  142  142  138  131  123
  115  110  105  104  103  103  104  105  106  106  105  102   98   94   90   87
   85   84   84   86   88   90   92   93   93   91   87   81   76   71   68   67
   67   69   72   75   77   79   79   79   77   77   76   75   75   75   76   77
   77   79   79   80   80   80   80   80   80
    65.0-180.0 180.0   5.0 450.0                            LAT/LON1/LON2/DLON/H
   83   84   84   85   88   93  102  113  124  136  145  149  149  143  134  124
  114  107  101   98   96   95   96   98  101  103  104  102   99   96   92   88
   86   84   84   84   85   87   88   88   88   86   82   77   72   67   64   63
   63   65   68   71   73   74   75   74   73   72   72   72   72   73   75   76
   77   78   80   81   81   81   83   83   83
    62.5-180.0 180.0   5.0 450.0                            LAT/LON1/LON2/DLON/H
   85   85   85   85   86   91   99  110  124  137  148  153  153  147  137  126
  115  107  100   95   92   90   90   91   95   98  100  101   99   95   92   88
   84   81   78   77   77   76   77   78   77   76   73   69   64   60   57   56
   57   59   62   64   66   67   67   67   66   66   67   69   70   72   74   75
   77   78   80   81   82   83   84   84   85
    60.0-180.0 180.0   5.0 450.0                            LAT/LON1/LON2/DLON/H
   85   85   85   84   84   87   94  106  119  134  147  155  156  152  142  131
  120  110  103   96   91   87   86   87   89   93   95   97   96   94   90   85
   80   75   70   67   65   64   64   64   64   63   61   58   54   51   50   50
   51   52   54   55   57   57   57   57   58   59   62   66   69   72   74   76
   78   79   80   80   81   82   83   85   85
    57.5-180.0 180.0   5.0 450.0                            LAT/LON1/LON2/DLON/H
   85   86   87   85   84   85   90  101  114  130  144  154  158  155  148  138
  127  117  109  101   94   89   86   85   86   89   92   93   93   90   86   81
   74   68   62   57   54   53   52   52   52   52   50   48   46   44   44   44
   45   46   46   47   47   47   47   48   50   54   58   63   69   73   76   78
   80   80   80   80   80   80   81   84   85
    55.0-180.0 180.0   5.0 450.0                            LAT/LON1/LON2/DLON/H
   88   90   91   90   88   88   91   98  111  125  140  152  158  159  153  145
  136  127  118  110  103   96   91   87   87   88   89   90   89   86   82   77
   70   62   56   51   49   47   46   46   46   45   43   42   41   41   41   42
   43   42   42   41   40   40   40   41   44   49   55   63   70   76   80   82
   83   82   81   80   80   80   82   84   88
    52.5-180.0 180.0   5.0 450.0                            LAT/LON1/LON2/DLON/H
   92   97   99   99   97   95   96  100  110  123  138  150  158  161  158  151
  144  136  129  121  114  107  101   96   92   90   89   88   86   84   79   74
   67   61   56   52   50   49   49   49   47   45   43   42   42   43   44   44
   45   43   41   39   37   36   36   37   40   47   55   64   73   80   85   87
   87   86   84   83   82   82   84   87   92
    50.0-180.0 180.0   5.0 450.0                            LAT/LON1/LON2/DLON/H
   99  106  110  111  110  107  105  107  114  124  137  149  158  161  160  156
  150  144  138  132  126  120  114  107  102   97   93   90   86   83   79   74
   69   65   62   60   61   62   62   60   57   54   51   50   50   51   52   52
   51   49   46   42   40   38   37   38   41   47   57   67   77   86   91   94
   93   92   90   88   87   88   89   94   99
    47.5-180.0 180.0   5.0 450.0                            LAT/LON1/LON2/DLON/H
  109  116  122  125  125  121  118  117  121  128  138  149  157  161  161  158
  154  150  145  142  138  134  129  122  115  108  102   95   90   85   81   78
   75   74   74   76   78   81   81   78   74   69   66   64   65   65   65   64
   62   59   55   51   47   44   43   43   46   52   62   73   84   92   99  101
  101   99   96   96   95   96   98  103  109
    45.0-180.0 180.0   5.0 450.0                            LAT/LON1/LON2/DLON/H
  118  126  133  137  138  135  131  128  129  134  141  150  156  160  160  158
  155  152  150  149  148  147  144  139  131  122  114  105   98   92   88   86
   85   87   90   95  100  104  104  101   96   91   87   85   84   84   82   80
   76   72   67   63   59   55   53   52   54   61   70   82   92  101  107  109
  109  107  106  105  106  106  108  112  118
    42.5-180.0 180.0   5.0 450.0                            LAT/LON1/LON2/DLON/H
  127  134  141  146  148  146  142  138  137  140  145  151  156  158  159  158
  156  153  152  154  157  159  160  155  148  138  128  119  110  102   98   96
   98  103  109  116  123  127  128  125  120  114  109  106  106  104  101   97
   92   87   81   76   72   68   65   64   66   72   81   92  102  110  115  117
  117  116  115  116  117  118  119  121  127
    40.0-180.0 180.0   5.0 450.0                            LAT/LON1/LON2/DLON/H
  132  137  145  151  153  152  149  146  145  147  150  154  157  158  159  157
  155  153  154  157  163  169  172  170  163  153  143  133  123  115  110  109
  112  119  127  137  144  149  149  146  142  136  132  129  127  124  120  114
  108  102   96   90   86   82   78   76   78   84   94  104  113  120  124  126
  126  125  124  126  127  128  127  129  132
    37.5-180.0 180.0   5.0 450.0                            LAT/LON1/LON2/DLON/H
  134  139  145  151  154  155  153  151  151  153  156  158  159  160  160  158
  155  153  154  159  168  177  183  181  176  166  156  146  136  127  122  121
  126  134  144  154  162  165  167  164  161  156  152  148  145  141  136  130
  123  116  110  104   98   94   89   88   89   95  104  115  123  129  132  134
  133  132  133  134  135  135  134  133  134
    35.0-180.0 180.0   5.0 450.0                            LAT/LON1/LON2/DLON/H
  135  137  143  148  152  155  155  156  158  161  163  164  164  163  161  159
  155  153  154  159  169  181  189  190  184  175  166  156  146  137  132  132
  137  146  157  167  174  178  179  178  175  172  168  164  159  155  149  142
  135  128  121  114  108  103   98   95   97  103  112  123  131  136  139  140
  140  139  140  141  141  141  138  136  135
    32.5-180.0 180.0   5.0 450.0                            LAT/LON1/LON2/DLON/H
  136  137  141  146  150  154  157  161  165  170  173  174  172  170  166  161
  156  152  151  157  167  181  190  193  189  180  170  160  151  143  139  140
  145  155  165  174  180  184  185  185  183  182  178  173  168  163  157  151
  144  137  129  121  114  107  101   98   99  106  116  127  135  141  144  145
  145  145  145  146  147  146  143  139  136
    30.0-180.0 180.0   5.0 450.0                            LAT/LON1/LON2/DLON/H
  141  141  143  147  151  155  161  168  175  182  187  188  185  180  174  166
  159  153  150  154  164  178  189  193  190  182  171  161  152  146  142  144
  149  159  168  175  180  183  184  185  185  184  181  177  171  165  160  155
  149  142  133  125  116  108  101   96   97  103  115  127  136  143  147  149
  151  150  150  151  153  153  150  145  141
    27.5-180.0 180.0   5.0 450.0                            LAT/LON1/LON2/DLON/H
  152  150  151  153  156  161  169  179  189  198  204  207  204  197  187  176
  166  157  152  153  162  176  188  193  191  183  171  160  152  146  143  144
  149  156  164  169  172  174  176  178  179  179  176  172  166  161  156  153
  149  143  135  125  115  106   97   91   91   98  110  123  135  143  149  153
  155  155  156  157  160  163  162  157  152
    25.0-180.0 180.0   5.0 450.0                            LAT/LON1/LON2/DLON/H
  169  166  165  166  167  172  181  193  205  218  227  233  231  222  209  195
  181  170  162  160  167  179  191  197  196  187  173  161  151  146  142  141
  144  149  154  157  158  160  163  165  166  165  162  159  154  149  146  145
  145  141  133  123  112  102   92   85   84   90  103  117  132  142  151  157
  161  163  163  166  172  178  179  174  169
    22.5-180.0 180.0   5.0 450.0                            LAT/LON1/LON2/DLON/H
  191  188  187  185  185  189  198  211  226  240  254  264  265  256  242  226
  210  196  185  181  185  193  203  208  208  198  182  166  155  147  141  137
  137  139  141  141  141  141  143  145  145  143  140  137  135  132  132  135
  138  136  130  119  108   97   87   79   77   83   95  111  127  141  153  162
  168  172  174  178  187  196  199  196  191
    20.0-180.0 180.0   5.0 450.0                            LAT/LON1/LON2/DLON/H
  217  214  213  210  208  211  220  233  248  265  283  299  304  299  286  269
  253  238  226  219  218  222  227  230  228  218  199  179  163  152  142  135
  131  129  127  124  122  121  121  121  118  114  112  113  113  114  117  122
  129  130  124  114  103   93   83   76   73   77   89  105  124  142  157  169
  178  183  187  193  204  217  222  220  217
    17.5-180.0 180.0   5.0 450.0                            LAT/LON1/LON2/DLON/H
  242  240  240  237  235  237  245  257  271  290  312  333  346  346  338  325
  309  296  283  273  267  264  262  260  257  245  223  198  178  162  148  137
  129  123  117  110  105  101  100   98   92   87   85   89   94   99  104  112
  119  121  117  108   98   89   81   75   72   74   84  101  122  144  163  178
  190  197  203  211  224  237  245  245  242
    15.0-180.0 180.0   5.0 450.0                            LAT/LON1/LON2/DLON/H
  264  264  265  265  265  267  274  283  296  314  339  366  385  394  395  388
  377  364  351  338  326  315  305  297  290  276  250  221  197  177  160  145
  134  124  114  102   93   87   85   81   73   66   66   74   83   90   97  103
  110  111  109  101   92   85   80   76   72   73   81   99  123  147  170  188
  202  212  219  229  242  257  266  266  264
    12.5-180.0 180.0   5.0 450.0                            LAT/LON1/LON2/DLON/H
  282  283  288  293  296  300  306  313  323  339  364  393  418  437  448  452
  447  437  424  408  390  369  349  335  323  306  278  247  219  195  175  159
  145  133  118  103   91   83   80   76   67   59   60   70   83   91   96  100
  103  103  100   93   86   81   79   76   73   72   79   98  124  151  177  198
  214  225  234  245  259  273  282  283  282
    10.0-180.0 180.0   5.0 450.0                            LAT/LON1/LON2/DLON/H
  295  297  306  319  329  336  341  346  353  366  387  415  444  471  493  508
  512  506  493  473  449  419  390  368  351  331  303  270  241  216  194  177
  163  148  130  113   99   92   90   87   79   70   71   81   93  100  101  100
   98   94   91   85   79   77   77   76   73   71   78   98  125  155  183  205
  223  235  247  259  272  285  294  296  295
     7.5-180.0 180.0   5.0 450.0                            LAT/LON1/LON2/DLON/H
  303  308  323  344  362  372  378  383  387  395  409  432  460  492  525  550
  561  559  547  524  494  458  421  392  370  348  320  289  260  235  212  195
  182  166  147  129  118  114  115  114  106   95   93  101  110  113  110  102
   94   88   83   77   72   71   72   73   70   69   76   96  125  157  186  210
  227  242  255  268  281  293  301  304  303
     5.0-180.0 180.0   5.0 450.0                            LAT/LON1/LON2/DLON/H
  309  316  336  365  392  407  414  420  424  427  432  445  468  500  538  571
  588  590  578  555  521  480  438  405  379  357  330  302  274  249  226  210
  198  184  166  151  144  145  149  149  140  127  120  123  128  127  118  105
   92   82   76   69   64   64   67   68   67   66   73   93  123  156  186  210
  229  245  259  273  286  297  305  308  309
     2.5-180.0 180.0   5.0 450.0                            LAT/LON1/LON2/DLON/H
  312  321  347  383  415  435  446  456  460  458  455  456  468  495  532  568
  589  593  583  560  526  484  442  406  380  358  334  308  281  255  234  219
  208  196  182  172  170  175  183  183  173  157  144  141  141  135  123  106
   90   77   69   62   57   57   59   62   62   61   69   89  119  152  183  208
  227  245  260  275  287  297  305  309  312
